
Current time: 6.0
2	 0 	6.5 	 6.502062745577911 	 0.002062745577910974 	  sensor_0 -> sensor_1 -> sensor_2 -> sensor_3 -> sensor_4 -> gnb -> sensor_4 -> Success
0	 0 	5.5 	 6.503399876447377 	 1.0033998764473768 	  sensor_0 -> sensor_1 -> sensor_1 -> sensor_2 -> sensor_3 -> sensor_4 -> sensor_5 -> sensor_6 -> sensor_7 -> sensor_8 -> sensor_9 -> sensor_10 -> sensor_11 -> sensor_12 -> sensor_13 -> sensor_14 -> sensor_15 -> sensor_16 -> sensor_17 -> sensor_18 -> sensor_19 -> sensor_20 -> sensor_21 -> sensor_22 -> sensor_23 -> sensor_24 -> sensor_25 -> sensor_26 -> sensor_27 -> sensor_28 -> sensor_29 -> sensor_30 -> sensor_31 -> sensor_32 -> sensor_33 -> sensor_34 -> sensor_35 -> sensor_36 -> sensor_37 -> sensor_38 -> sensor_39 -> sensor_40 -> sensor_41 -> sensor_42 -> sensor_43 -> sensor_44 -> sensor_45 -> sensor_46 -> sensor_47 -> sensor_48 -> sensor_49 -> sensor_50 -> sensor_51 -> sensor_52 -> gnb -> sensor_52 -> Success
0 	 4 	 0 	 4 	 0 	 4 	 0 	0
1 	 0 	 1 	 3 	 4 	 3 	 0 	0
2 	 0 	 0 	 3 	 3 	 3 	 0 	0
3 	 0 	 0 	 3 	 3 	 3 	 0 	0
4 	 0 	 0 	 3 	 3 	 2 	 0 	1
5 	 0 	 0 	 2 	 2 	 2 	 0 	0
6 	 0 	 0 	 2 	 2 	 2 	 0 	0
7 	 0 	 0 	 2 	 2 	 2 	 0 	0
8 	 0 	 0 	 2 	 2 	 2 	 0 	0
9 	 0 	 0 	 2 	 2 	 2 	 0 	0
10 	 0 	 1 	 1 	 2 	 1 	 0 	0
11 	 0 	 0 	 1 	 1 	 1 	 0 	0
12 	 0 	 0 	 1 	 1 	 1 	 0 	0
13 	 0 	 0 	 1 	 1 	 1 	 0 	0
14 	 0 	 0 	 1 	 1 	 1 	 0 	0
15 	 0 	 0 	 1 	 1 	 1 	 0 	0
16 	 0 	 0 	 1 	 1 	 1 	 0 	0
17 	 0 	 0 	 1 	 1 	 1 	 0 	0
18 	 0 	 0 	 1 	 1 	 1 	 0 	0
19 	 0 	 0 	 1 	 1 	 1 	 0 	0
20 	 0 	 0 	 1 	 1 	 1 	 0 	0
21 	 0 	 0 	 1 	 1 	 1 	 0 	0
22 	 0 	 0 	 1 	 1 	 1 	 0 	0
23 	 0 	 0 	 1 	 1 	 1 	 0 	0
24 	 0 	 0 	 1 	 1 	 1 	 0 	0
25 	 0 	 0 	 1 	 1 	 1 	 0 	0
26 	 0 	 0 	 1 	 1 	 1 	 0 	0
27 	 0 	 0 	 1 	 1 	 1 	 0 	0
28 	 0 	 0 	 1 	 1 	 1 	 0 	0
29 	 0 	 0 	 1 	 1 	 1 	 0 	0
30 	 0 	 0 	 1 	 1 	 1 	 0 	0
31 	 0 	 0 	 1 	 1 	 1 	 0 	0
32 	 0 	 0 	 1 	 1 	 1 	 0 	0
33 	 0 	 0 	 1 	 1 	 1 	 0 	0
34 	 0 	 0 	 1 	 1 	 1 	 0 	0
35 	 0 	 0 	 1 	 1 	 1 	 0 	0
36 	 0 	 0 	 1 	 1 	 1 	 0 	0
37 	 0 	 0 	 1 	 1 	 1 	 0 	0
38 	 0 	 0 	 1 	 1 	 1 	 0 	0
39 	 0 	 0 	 1 	 1 	 1 	 0 	0
40 	 0 	 0 	 1 	 1 	 1 	 0 	0
41 	 0 	 0 	 1 	 1 	 1 	 0 	0
42 	 0 	 0 	 1 	 1 	 1 	 0 	0
43 	 0 	 0 	 1 	 1 	 1 	 0 	0
44 	 0 	 0 	 1 	 1 	 1 	 0 	0
45 	 0 	 0 	 1 	 1 	 1 	 0 	0
46 	 0 	 0 	 1 	 1 	 1 	 0 	0
47 	 0 	 0 	 1 	 1 	 1 	 0 	0
48 	 0 	 0 	 1 	 1 	 1 	 0 	0
49 	 0 	 0 	 1 	 1 	 1 	 0 	0
50 	 0 	 0 	 1 	 1 	 1 	 0 	0
51 	 0 	 0 	 1 	 1 	 1 	 0 	0
52 	 0 	 0 	 1 	 1 	 0 	 0 	1
53 	 0 	 0 	 0 	 0 	 0 	 0 	0
54 	 0 	 0 	 0 	 0 	 0 	 0 	0
55 	 0 	 0 	 0 	 0 	 0 	 0 	0
56 	 0 	 0 	 0 	 0 	 0 	 0 	0
57 	 0 	 0 	 0 	 0 	 0 	 0 	0
58 	 0 	 0 	 0 	 0 	 0 	 0 	0
59 	 0 	 0 	 0 	 0 	 0 	 0 	0
60 	 0 	 0 	 0 	 0 	 0 	 0 	0
61 	 0 	 0 	 0 	 0 	 0 	 0 	0
62 	 0 	 0 	 0 	 0 	 0 	 0 	0
63 	 0 	 0 	 0 	 0 	 0 	 0 	0
64 	 0 	 0 	 0 	 0 	 0 	 0 	0
65 	 0 	 0 	 0 	 0 	 0 	 0 	0
66 	 0 	 0 	 0 	 0 	 0 	 0 	0
67 	 0 	 0 	 0 	 0 	 0 	 0 	0
68 	 0 	 0 	 0 	 0 	 0 	 0 	0
69 	 0 	 0 	 0 	 0 	 0 	 0 	0
70 	 0 	 0 	 0 	 0 	 0 	 0 	0
71 	 0 	 0 	 0 	 0 	 0 	 0 	0
72 	 0 	 0 	 0 	 0 	 0 	 0 	0
73 	 0 	 0 	 0 	 0 	 0 	 0 	0
74 	 0 	 0 	 0 	 0 	 0 	 0 	0
75 	 0 	 0 	 0 	 0 	 0 	 0 	0
76 	 0 	 0 	 0 	 0 	 0 	 0 	0
77 	 0 	 0 	 0 	 0 	 0 	 0 	0
78 	 0 	 0 	 0 	 0 	 0 	 0 	0
79 	 0 	 0 	 0 	 0 	 0 	 0 	0
80 	 0 	 0 	 0 	 0 	 0 	 0 	0
81 	 0 	 0 	 0 	 0 	 0 	 0 	0
82 	 0 	 0 	 0 	 0 	 0 	 0 	0
83 	 0 	 0 	 0 	 0 	 0 	 0 	0
84 	 0 	 0 	 0 	 0 	 0 	 0 	0
85 	 0 	 0 	 0 	 0 	 0 	 0 	0
86 	 0 	 0 	 0 	 0 	 0 	 0 	0
87 	 0 	 0 	 0 	 0 	 0 	 0 	0
88 	 0 	 0 	 0 	 0 	 0 	 0 	0
89 	 0 	 0 	 0 	 0 	 0 	 0 	0
90 	 0 	 0 	 0 	 0 	 0 	 0 	0
91 	 0 	 0 	 0 	 0 	 0 	 0 	0
92 	 0 	 0 	 0 	 0 	 0 	 0 	0
93 	 0 	 0 	 0 	 0 	 0 	 0 	0
94 	 0 	 0 	 0 	 0 	 0 	 0 	0
95 	 0 	 0 	 0 	 0 	 0 	 0 	0
96 	 0 	 0 	 0 	 0 	 0 	 0 	0
97 	 0 	 0 	 0 	 0 	 0 	 0 	0
98 	 0 	 0 	 0 	 0 	 0 	 0 	0
99 	 0 	 0 	 0 	 0 	 0 	 0 	0

Current time: 7.0
3	 0 	7.0 	 7.000673609992932 	 0.0006736099929316453 	  sensor_0 -> sensor_1 -> sensor_2 -> gnb -> sensor_2 -> Success
1	 0 	6.0 	 7.0009148657780065 	 1.0009148657780065 	  sensor_0 -> sensor_1 -> sensor_2 -> sensor_3 -> sensor_4 -> sensor_5 -> sensor_6 -> sensor_7 -> sensor_8 -> sensor_9 -> sensor_10 -> sensor_10 -> sensor_11 -> gnb -> sensor_11 -> Success
4	 0 	7.5 	 7.500420406012043 	 0.00042040601204274 	  sensor_0 -> rsu_0 -> sensor_0 -> Success
0 	 6 	 0 	 6 	 0 	 4 	 2 	0
1 	 0 	 0 	 4 	 4 	 4 	 0 	0
2 	 0 	 0 	 4 	 4 	 3 	 0 	1
3 	 0 	 0 	 3 	 3 	 3 	 0 	0
4 	 0 	 0 	 3 	 3 	 2 	 0 	1
5 	 0 	 0 	 2 	 2 	 2 	 0 	0
6 	 0 	 0 	 2 	 2 	 2 	 0 	0
7 	 0 	 0 	 2 	 2 	 2 	 0 	0
8 	 0 	 0 	 2 	 2 	 2 	 0 	0
9 	 0 	 0 	 2 	 2 	 2 	 0 	0
10 	 0 	 0 	 2 	 2 	 2 	 0 	0
11 	 0 	 0 	 2 	 2 	 1 	 0 	1
12 	 0 	 0 	 1 	 1 	 1 	 0 	0
13 	 0 	 0 	 1 	 1 	 1 	 0 	0
14 	 0 	 0 	 1 	 1 	 1 	 0 	0
15 	 0 	 0 	 1 	 1 	 1 	 0 	0
16 	 0 	 0 	 1 	 1 	 1 	 0 	0
17 	 0 	 0 	 1 	 1 	 1 	 0 	0
18 	 0 	 0 	 1 	 1 	 1 	 0 	0
19 	 0 	 0 	 1 	 1 	 1 	 0 	0
20 	 0 	 0 	 1 	 1 	 1 	 0 	0
21 	 0 	 0 	 1 	 1 	 1 	 0 	0
22 	 0 	 0 	 1 	 1 	 1 	 0 	0
23 	 0 	 0 	 1 	 1 	 1 	 0 	0
24 	 0 	 0 	 1 	 1 	 1 	 0 	0
25 	 0 	 0 	 1 	 1 	 1 	 0 	0
26 	 0 	 0 	 1 	 1 	 1 	 0 	0
27 	 0 	 0 	 1 	 1 	 1 	 0 	0
28 	 0 	 0 	 1 	 1 	 1 	 0 	0
29 	 0 	 0 	 1 	 1 	 1 	 0 	0
30 	 0 	 0 	 1 	 1 	 1 	 0 	0
31 	 0 	 0 	 1 	 1 	 1 	 0 	0
32 	 0 	 0 	 1 	 1 	 1 	 0 	0
33 	 0 	 0 	 1 	 1 	 1 	 0 	0
34 	 0 	 0 	 1 	 1 	 1 	 0 	0
35 	 0 	 0 	 1 	 1 	 1 	 0 	0
36 	 0 	 0 	 1 	 1 	 1 	 0 	0
37 	 0 	 0 	 1 	 1 	 1 	 0 	0
38 	 0 	 0 	 1 	 1 	 1 	 0 	0
39 	 0 	 0 	 1 	 1 	 1 	 0 	0
40 	 0 	 0 	 1 	 1 	 1 	 0 	0
41 	 0 	 0 	 1 	 1 	 1 	 0 	0
42 	 0 	 0 	 1 	 1 	 1 	 0 	0
43 	 0 	 0 	 1 	 1 	 1 	 0 	0
44 	 0 	 0 	 1 	 1 	 1 	 0 	0
45 	 0 	 0 	 1 	 1 	 1 	 0 	0
46 	 0 	 0 	 1 	 1 	 1 	 0 	0
47 	 0 	 0 	 1 	 1 	 1 	 0 	0
48 	 0 	 0 	 1 	 1 	 1 	 0 	0
49 	 0 	 0 	 1 	 1 	 1 	 0 	0
50 	 0 	 0 	 1 	 1 	 1 	 0 	0
51 	 0 	 0 	 1 	 1 	 1 	 0 	0
52 	 0 	 0 	 1 	 1 	 0 	 0 	1
53 	 0 	 0 	 0 	 0 	 0 	 0 	0
54 	 0 	 0 	 0 	 0 	 0 	 0 	0
55 	 0 	 0 	 0 	 0 	 0 	 0 	0
56 	 0 	 0 	 0 	 0 	 0 	 0 	0
57 	 0 	 0 	 0 	 0 	 0 	 0 	0
58 	 0 	 0 	 0 	 0 	 0 	 0 	0
59 	 0 	 0 	 0 	 0 	 0 	 0 	0
60 	 0 	 0 	 0 	 0 	 0 	 0 	0
61 	 0 	 0 	 0 	 0 	 0 	 0 	0
62 	 0 	 0 	 0 	 0 	 0 	 0 	0
63 	 0 	 0 	 0 	 0 	 0 	 0 	0
64 	 0 	 0 	 0 	 0 	 0 	 0 	0
65 	 0 	 0 	 0 	 0 	 0 	 0 	0
66 	 0 	 0 	 0 	 0 	 0 	 0 	0
67 	 0 	 0 	 0 	 0 	 0 	 0 	0
68 	 0 	 0 	 0 	 0 	 0 	 0 	0
69 	 0 	 0 	 0 	 0 	 0 	 0 	0
70 	 0 	 0 	 0 	 0 	 0 	 0 	0
71 	 0 	 0 	 0 	 0 	 0 	 0 	0
72 	 0 	 0 	 0 	 0 	 0 	 0 	0
73 	 0 	 0 	 0 	 0 	 0 	 0 	0
74 	 0 	 0 	 0 	 0 	 0 	 0 	0
75 	 0 	 0 	 0 	 0 	 0 	 0 	0
76 	 0 	 0 	 0 	 0 	 0 	 0 	0
77 	 0 	 0 	 0 	 0 	 0 	 0 	0
78 	 0 	 0 	 0 	 0 	 0 	 0 	0
79 	 0 	 0 	 0 	 0 	 0 	 0 	0
80 	 0 	 0 	 0 	 0 	 0 	 0 	0
81 	 0 	 0 	 0 	 0 	 0 	 0 	0
82 	 0 	 0 	 0 	 0 	 0 	 0 	0
83 	 0 	 0 	 0 	 0 	 0 	 0 	0
84 	 0 	 0 	 0 	 0 	 0 	 0 	0
85 	 0 	 0 	 0 	 0 	 0 	 0 	0
86 	 0 	 0 	 0 	 0 	 0 	 0 	0
87 	 0 	 0 	 0 	 0 	 0 	 0 	0
88 	 0 	 0 	 0 	 0 	 0 	 0 	0
89 	 0 	 0 	 0 	 0 	 0 	 0 	0
90 	 0 	 0 	 0 	 0 	 0 	 0 	0
91 	 0 	 0 	 0 	 0 	 0 	 0 	0
92 	 0 	 0 	 0 	 0 	 0 	 0 	0
93 	 0 	 0 	 0 	 0 	 0 	 0 	0
94 	 0 	 0 	 0 	 0 	 0 	 0 	0
95 	 0 	 0 	 0 	 0 	 0 	 0 	0
96 	 0 	 0 	 0 	 0 	 0 	 0 	0
97 	 0 	 0 	 0 	 0 	 0 	 0 	0
98 	 0 	 0 	 0 	 0 	 0 	 0 	0
99 	 0 	 0 	 0 	 0 	 0 	 0 	0

Current time: 8.0
5	 0 	8.0 	 8.000970573133683 	 0.0009705731336833168 	  sensor_0 -> rsu_0 -> sensor_0 -> Success
6	 0 	8.5 	 8.503487291481473 	 0.00348729148147342 	  sensor_0 -> rsu_0 -> sensor_0 -> Success
0 	 8 	 0 	 8 	 0 	 4 	 4 	0
1 	 0 	 0 	 4 	 4 	 4 	 0 	0
2 	 0 	 0 	 4 	 4 	 3 	 0 	1
3 	 0 	 0 	 3 	 3 	 3 	 0 	0
4 	 0 	 0 	 3 	 3 	 2 	 0 	1
5 	 0 	 0 	 2 	 2 	 2 	 0 	0
6 	 0 	 0 	 2 	 2 	 2 	 0 	0
7 	 0 	 0 	 2 	 2 	 2 	 0 	0
8 	 0 	 0 	 2 	 2 	 2 	 0 	0
9 	 0 	 0 	 2 	 2 	 2 	 0 	0
10 	 0 	 0 	 2 	 2 	 2 	 0 	0
11 	 0 	 0 	 2 	 2 	 1 	 0 	1
12 	 0 	 0 	 1 	 1 	 1 	 0 	0
13 	 0 	 0 	 1 	 1 	 1 	 0 	0
14 	 0 	 0 	 1 	 1 	 1 	 0 	0
15 	 0 	 0 	 1 	 1 	 1 	 0 	0
16 	 0 	 0 	 1 	 1 	 1 	 0 	0
17 	 0 	 0 	 1 	 1 	 1 	 0 	0
18 	 0 	 0 	 1 	 1 	 1 	 0 	0
19 	 0 	 0 	 1 	 1 	 1 	 0 	0
20 	 0 	 0 	 1 	 1 	 1 	 0 	0
21 	 0 	 0 	 1 	 1 	 1 	 0 	0
22 	 0 	 0 	 1 	 1 	 1 	 0 	0
23 	 0 	 0 	 1 	 1 	 1 	 0 	0
24 	 0 	 0 	 1 	 1 	 1 	 0 	0
25 	 0 	 0 	 1 	 1 	 1 	 0 	0
26 	 0 	 0 	 1 	 1 	 1 	 0 	0
27 	 0 	 0 	 1 	 1 	 1 	 0 	0
28 	 0 	 0 	 1 	 1 	 1 	 0 	0
29 	 0 	 0 	 1 	 1 	 1 	 0 	0
30 	 0 	 0 	 1 	 1 	 1 	 0 	0
31 	 0 	 0 	 1 	 1 	 1 	 0 	0
32 	 0 	 0 	 1 	 1 	 1 	 0 	0
33 	 0 	 0 	 1 	 1 	 1 	 0 	0
34 	 0 	 0 	 1 	 1 	 1 	 0 	0
35 	 0 	 0 	 1 	 1 	 1 	 0 	0
36 	 0 	 0 	 1 	 1 	 1 	 0 	0
37 	 0 	 0 	 1 	 1 	 1 	 0 	0
38 	 0 	 0 	 1 	 1 	 1 	 0 	0
39 	 0 	 0 	 1 	 1 	 1 	 0 	0
40 	 0 	 0 	 1 	 1 	 1 	 0 	0
41 	 0 	 0 	 1 	 1 	 1 	 0 	0
42 	 0 	 0 	 1 	 1 	 1 	 0 	0
43 	 0 	 0 	 1 	 1 	 1 	 0 	0
44 	 0 	 0 	 1 	 1 	 1 	 0 	0
45 	 0 	 0 	 1 	 1 	 1 	 0 	0
46 	 0 	 0 	 1 	 1 	 1 	 0 	0
47 	 0 	 0 	 1 	 1 	 1 	 0 	0
48 	 0 	 0 	 1 	 1 	 1 	 0 	0
49 	 0 	 0 	 1 	 1 	 1 	 0 	0
50 	 0 	 0 	 1 	 1 	 1 	 0 	0
51 	 0 	 0 	 1 	 1 	 1 	 0 	0
52 	 0 	 0 	 1 	 1 	 0 	 0 	1
53 	 0 	 0 	 0 	 0 	 0 	 0 	0
54 	 0 	 0 	 0 	 0 	 0 	 0 	0
55 	 0 	 0 	 0 	 0 	 0 	 0 	0
56 	 0 	 0 	 0 	 0 	 0 	 0 	0
57 	 0 	 0 	 0 	 0 	 0 	 0 	0
58 	 0 	 0 	 0 	 0 	 0 	 0 	0
59 	 0 	 0 	 0 	 0 	 0 	 0 	0
60 	 0 	 0 	 0 	 0 	 0 	 0 	0
61 	 0 	 0 	 0 	 0 	 0 	 0 	0
62 	 0 	 0 	 0 	 0 	 0 	 0 	0
63 	 0 	 0 	 0 	 0 	 0 	 0 	0
64 	 0 	 0 	 0 	 0 	 0 	 0 	0
65 	 0 	 0 	 0 	 0 	 0 	 0 	0
66 	 0 	 0 	 0 	 0 	 0 	 0 	0
67 	 0 	 0 	 0 	 0 	 0 	 0 	0
68 	 0 	 0 	 0 	 0 	 0 	 0 	0
69 	 0 	 0 	 0 	 0 	 0 	 0 	0
70 	 0 	 0 	 0 	 0 	 0 	 0 	0
71 	 0 	 0 	 0 	 0 	 0 	 0 	0
72 	 0 	 0 	 0 	 0 	 0 	 0 	0
73 	 0 	 0 	 0 	 0 	 0 	 0 	0
74 	 0 	 0 	 0 	 0 	 0 	 0 	0
75 	 0 	 0 	 0 	 0 	 0 	 0 	0
76 	 0 	 0 	 0 	 0 	 0 	 0 	0
77 	 0 	 0 	 0 	 0 	 0 	 0 	0
78 	 0 	 0 	 0 	 0 	 0 	 0 	0
79 	 0 	 0 	 0 	 0 	 0 	 0 	0
80 	 0 	 0 	 0 	 0 	 0 	 0 	0
81 	 0 	 0 	 0 	 0 	 0 	 0 	0
82 	 0 	 0 	 0 	 0 	 0 	 0 	0
83 	 0 	 0 	 0 	 0 	 0 	 0 	0
84 	 0 	 0 	 0 	 0 	 0 	 0 	0
85 	 0 	 0 	 0 	 0 	 0 	 0 	0
86 	 0 	 0 	 0 	 0 	 0 	 0 	0
87 	 0 	 0 	 0 	 0 	 0 	 0 	0
88 	 0 	 0 	 0 	 0 	 0 	 0 	0
89 	 0 	 0 	 0 	 0 	 0 	 0 	0
90 	 0 	 0 	 0 	 0 	 0 	 0 	0
91 	 0 	 0 	 0 	 0 	 0 	 0 	0
92 	 0 	 0 	 0 	 0 	 0 	 0 	0
93 	 0 	 0 	 0 	 0 	 0 	 0 	0
94 	 0 	 0 	 0 	 0 	 0 	 0 	0
95 	 0 	 0 	 0 	 0 	 0 	 0 	0
96 	 0 	 0 	 0 	 0 	 0 	 0 	0
97 	 0 	 0 	 0 	 0 	 0 	 0 	0
98 	 0 	 0 	 0 	 0 	 0 	 0 	0
99 	 0 	 0 	 0 	 0 	 0 	 0 	0

Current time: 9.0
7	 0 	9.0 	 9.003991187864855 	 0.003991187864855306 	  sensor_0 -> rsu_0 -> sensor_0 -> Success
8	 0 	9.5 	 9.50062950377022 	 0.0006295037702201967 	  sensor_0 -> rsu_0 -> sensor_0 -> Success
0 	 10 	 0 	 10 	 0 	 4 	 6 	0
1 	 0 	 0 	 4 	 4 	 4 	 0 	0
2 	 0 	 0 	 4 	 4 	 3 	 0 	1
3 	 0 	 0 	 3 	 3 	 3 	 0 	0
4 	 0 	 0 	 3 	 3 	 2 	 0 	1
5 	 0 	 0 	 2 	 2 	 2 	 0 	0
6 	 0 	 0 	 2 	 2 	 2 	 0 	0
7 	 0 	 0 	 2 	 2 	 2 	 0 	0
8 	 0 	 0 	 2 	 2 	 2 	 0 	0
9 	 0 	 0 	 2 	 2 	 2 	 0 	0
10 	 0 	 0 	 2 	 2 	 2 	 0 	0
11 	 0 	 0 	 2 	 2 	 1 	 0 	1
12 	 0 	 0 	 1 	 1 	 1 	 0 	0
13 	 0 	 0 	 1 	 1 	 1 	 0 	0
14 	 0 	 0 	 1 	 1 	 1 	 0 	0
15 	 0 	 0 	 1 	 1 	 1 	 0 	0
16 	 0 	 0 	 1 	 1 	 1 	 0 	0
17 	 0 	 0 	 1 	 1 	 1 	 0 	0
18 	 0 	 0 	 1 	 1 	 1 	 0 	0
19 	 0 	 0 	 1 	 1 	 1 	 0 	0
20 	 0 	 0 	 1 	 1 	 1 	 0 	0
21 	 0 	 0 	 1 	 1 	 1 	 0 	0
22 	 0 	 0 	 1 	 1 	 1 	 0 	0
23 	 0 	 0 	 1 	 1 	 1 	 0 	0
24 	 0 	 0 	 1 	 1 	 1 	 0 	0
25 	 0 	 0 	 1 	 1 	 1 	 0 	0
26 	 0 	 0 	 1 	 1 	 1 	 0 	0
27 	 0 	 0 	 1 	 1 	 1 	 0 	0
28 	 0 	 0 	 1 	 1 	 1 	 0 	0
29 	 0 	 0 	 1 	 1 	 1 	 0 	0
30 	 0 	 0 	 1 	 1 	 1 	 0 	0
31 	 0 	 0 	 1 	 1 	 1 	 0 	0
32 	 0 	 0 	 1 	 1 	 1 	 0 	0
33 	 0 	 0 	 1 	 1 	 1 	 0 	0
34 	 0 	 0 	 1 	 1 	 1 	 0 	0
35 	 0 	 0 	 1 	 1 	 1 	 0 	0
36 	 0 	 0 	 1 	 1 	 1 	 0 	0
37 	 0 	 0 	 1 	 1 	 1 	 0 	0
38 	 0 	 0 	 1 	 1 	 1 	 0 	0
39 	 0 	 0 	 1 	 1 	 1 	 0 	0
40 	 0 	 0 	 1 	 1 	 1 	 0 	0
41 	 0 	 0 	 1 	 1 	 1 	 0 	0
42 	 0 	 0 	 1 	 1 	 1 	 0 	0
43 	 0 	 0 	 1 	 1 	 1 	 0 	0
44 	 0 	 0 	 1 	 1 	 1 	 0 	0
45 	 0 	 0 	 1 	 1 	 1 	 0 	0
46 	 0 	 0 	 1 	 1 	 1 	 0 	0
47 	 0 	 0 	 1 	 1 	 1 	 0 	0
48 	 0 	 0 	 1 	 1 	 1 	 0 	0
49 	 0 	 0 	 1 	 1 	 1 	 0 	0
50 	 0 	 0 	 1 	 1 	 1 	 0 	0
51 	 0 	 0 	 1 	 1 	 1 	 0 	0
52 	 0 	 0 	 1 	 1 	 0 	 0 	1
53 	 0 	 0 	 0 	 0 	 0 	 0 	0
54 	 0 	 0 	 0 	 0 	 0 	 0 	0
55 	 0 	 0 	 0 	 0 	 0 	 0 	0
56 	 0 	 0 	 0 	 0 	 0 	 0 	0
57 	 0 	 0 	 0 	 0 	 0 	 0 	0
58 	 0 	 0 	 0 	 0 	 0 	 0 	0
59 	 0 	 0 	 0 	 0 	 0 	 0 	0
60 	 0 	 0 	 0 	 0 	 0 	 0 	0
61 	 0 	 0 	 0 	 0 	 0 	 0 	0
62 	 0 	 0 	 0 	 0 	 0 	 0 	0
63 	 0 	 0 	 0 	 0 	 0 	 0 	0
64 	 0 	 0 	 0 	 0 	 0 	 0 	0
65 	 0 	 0 	 0 	 0 	 0 	 0 	0
66 	 0 	 0 	 0 	 0 	 0 	 0 	0
67 	 0 	 0 	 0 	 0 	 0 	 0 	0
68 	 0 	 0 	 0 	 0 	 0 	 0 	0
69 	 0 	 0 	 0 	 0 	 0 	 0 	0
70 	 0 	 0 	 0 	 0 	 0 	 0 	0
71 	 0 	 0 	 0 	 0 	 0 	 0 	0
72 	 0 	 0 	 0 	 0 	 0 	 0 	0
73 	 0 	 0 	 0 	 0 	 0 	 0 	0
74 	 0 	 0 	 0 	 0 	 0 	 0 	0
75 	 0 	 0 	 0 	 0 	 0 	 0 	0
76 	 0 	 0 	 0 	 0 	 0 	 0 	0
77 	 0 	 0 	 0 	 0 	 0 	 0 	0
78 	 0 	 0 	 0 	 0 	 0 	 0 	0
79 	 0 	 0 	 0 	 0 	 0 	 0 	0
80 	 0 	 0 	 0 	 0 	 0 	 0 	0
81 	 0 	 0 	 0 	 0 	 0 	 0 	0
82 	 0 	 0 	 0 	 0 	 0 	 0 	0
83 	 0 	 0 	 0 	 0 	 0 	 0 	0
84 	 0 	 0 	 0 	 0 	 0 	 0 	0
85 	 0 	 0 	 0 	 0 	 0 	 0 	0
86 	 0 	 0 	 0 	 0 	 0 	 0 	0
87 	 0 	 0 	 0 	 0 	 0 	 0 	0
88 	 0 	 0 	 0 	 0 	 0 	 0 	0
89 	 0 	 0 	 0 	 0 	 0 	 0 	0
90 	 0 	 0 	 0 	 0 	 0 	 0 	0
91 	 0 	 0 	 0 	 0 	 0 	 0 	0
92 	 0 	 0 	 0 	 0 	 0 	 0 	0
93 	 0 	 0 	 0 	 0 	 0 	 0 	0
94 	 0 	 0 	 0 	 0 	 0 	 0 	0
95 	 0 	 0 	 0 	 0 	 0 	 0 	0
96 	 0 	 0 	 0 	 0 	 0 	 0 	0
97 	 0 	 0 	 0 	 0 	 0 	 0 	0
98 	 0 	 0 	 0 	 0 	 0 	 0 	0
99 	 0 	 0 	 0 	 0 	 0 	 0 	0

Current time: 10.0
9	 0 	10.0 	 10.001370766346827 	 0.0013707663468274234 	  sensor_0 -> rsu_0 -> sensor_0 -> Success
12	 0 	10.5 	 10.501080960659596 	 0.0010809606595962862 	  sensor_1 -> sensor_2 -> sensor_3 -> gnb -> sensor_3 -> Success
0 	 12 	 1 	 12 	 1 	 5 	 7 	0
1 	 2 	 0 	 7 	 5 	 7 	 0 	0
2 	 0 	 1 	 5 	 6 	 4 	 0 	1
3 	 0 	 0 	 4 	 4 	 3 	 0 	1
4 	 0 	 0 	 3 	 3 	 2 	 0 	1
5 	 0 	 0 	 2 	 2 	 2 	 0 	0
6 	 0 	 0 	 2 	 2 	 2 	 0 	0
7 	 0 	 0 	 2 	 2 	 2 	 0 	0
8 	 0 	 0 	 2 	 2 	 2 	 0 	0
9 	 0 	 0 	 2 	 2 	 2 	 0 	0
10 	 0 	 0 	 2 	 2 	 2 	 0 	0
11 	 0 	 0 	 2 	 2 	 1 	 0 	1
12 	 0 	 0 	 1 	 1 	 1 	 0 	0
13 	 0 	 0 	 1 	 1 	 1 	 0 	0
14 	 0 	 0 	 1 	 1 	 1 	 0 	0
15 	 0 	 0 	 1 	 1 	 1 	 0 	0
16 	 0 	 0 	 1 	 1 	 1 	 0 	0
17 	 0 	 0 	 1 	 1 	 1 	 0 	0
18 	 0 	 0 	 1 	 1 	 1 	 0 	0
19 	 0 	 0 	 1 	 1 	 1 	 0 	0
20 	 0 	 0 	 1 	 1 	 1 	 0 	0
21 	 0 	 0 	 1 	 1 	 1 	 0 	0
22 	 0 	 0 	 1 	 1 	 1 	 0 	0
23 	 0 	 0 	 1 	 1 	 1 	 0 	0
24 	 0 	 0 	 1 	 1 	 1 	 0 	0
25 	 0 	 0 	 1 	 1 	 1 	 0 	0
26 	 0 	 0 	 1 	 1 	 1 	 0 	0
27 	 0 	 0 	 1 	 1 	 1 	 0 	0
28 	 0 	 0 	 1 	 1 	 1 	 0 	0
29 	 0 	 0 	 1 	 1 	 1 	 0 	0
30 	 0 	 0 	 1 	 1 	 1 	 0 	0
31 	 0 	 0 	 1 	 1 	 1 	 0 	0
32 	 0 	 0 	 1 	 1 	 1 	 0 	0
33 	 0 	 0 	 1 	 1 	 1 	 0 	0
34 	 0 	 0 	 1 	 1 	 1 	 0 	0
35 	 0 	 0 	 1 	 1 	 1 	 0 	0
36 	 0 	 0 	 1 	 1 	 1 	 0 	0
37 	 0 	 0 	 1 	 1 	 1 	 0 	0
38 	 0 	 0 	 1 	 1 	 1 	 0 	0
39 	 0 	 0 	 1 	 1 	 1 	 0 	0
40 	 0 	 0 	 1 	 1 	 1 	 0 	0
41 	 0 	 0 	 1 	 1 	 1 	 0 	0
42 	 0 	 0 	 1 	 1 	 1 	 0 	0
43 	 0 	 0 	 1 	 1 	 1 	 0 	0
44 	 0 	 0 	 1 	 1 	 1 	 0 	0
45 	 0 	 0 	 1 	 1 	 1 	 0 	0
46 	 0 	 0 	 1 	 1 	 1 	 0 	0
47 	 0 	 0 	 1 	 1 	 1 	 0 	0
48 	 0 	 0 	 1 	 1 	 1 	 0 	0
49 	 0 	 0 	 1 	 1 	 1 	 0 	0
50 	 0 	 0 	 1 	 1 	 1 	 0 	0
51 	 0 	 0 	 1 	 1 	 1 	 0 	0
52 	 0 	 0 	 1 	 1 	 0 	 0 	1
53 	 0 	 0 	 0 	 0 	 0 	 0 	0
54 	 0 	 0 	 0 	 0 	 0 	 0 	0
55 	 0 	 0 	 0 	 0 	 0 	 0 	0
56 	 0 	 0 	 0 	 0 	 0 	 0 	0
57 	 0 	 0 	 0 	 0 	 0 	 0 	0
58 	 0 	 0 	 0 	 0 	 0 	 0 	0
59 	 0 	 0 	 0 	 0 	 0 	 0 	0
60 	 0 	 0 	 0 	 0 	 0 	 0 	0
61 	 0 	 0 	 0 	 0 	 0 	 0 	0
62 	 0 	 0 	 0 	 0 	 0 	 0 	0
63 	 0 	 0 	 0 	 0 	 0 	 0 	0
64 	 0 	 0 	 0 	 0 	 0 	 0 	0
65 	 0 	 0 	 0 	 0 	 0 	 0 	0
66 	 0 	 0 	 0 	 0 	 0 	 0 	0
67 	 0 	 0 	 0 	 0 	 0 	 0 	0
68 	 0 	 0 	 0 	 0 	 0 	 0 	0
69 	 0 	 0 	 0 	 0 	 0 	 0 	0
70 	 0 	 0 	 0 	 0 	 0 	 0 	0
71 	 0 	 0 	 0 	 0 	 0 	 0 	0
72 	 0 	 0 	 0 	 0 	 0 	 0 	0
73 	 0 	 0 	 0 	 0 	 0 	 0 	0
74 	 0 	 0 	 0 	 0 	 0 	 0 	0
75 	 0 	 0 	 0 	 0 	 0 	 0 	0
76 	 0 	 0 	 0 	 0 	 0 	 0 	0
77 	 0 	 0 	 0 	 0 	 0 	 0 	0
78 	 0 	 0 	 0 	 0 	 0 	 0 	0
79 	 0 	 0 	 0 	 0 	 0 	 0 	0
80 	 0 	 0 	 0 	 0 	 0 	 0 	0
81 	 0 	 0 	 0 	 0 	 0 	 0 	0
82 	 0 	 0 	 0 	 0 	 0 	 0 	0
83 	 0 	 0 	 0 	 0 	 0 	 0 	0
84 	 0 	 0 	 0 	 0 	 0 	 0 	0
85 	 0 	 0 	 0 	 0 	 0 	 0 	0
86 	 0 	 0 	 0 	 0 	 0 	 0 	0
87 	 0 	 0 	 0 	 0 	 0 	 0 	0
88 	 0 	 0 	 0 	 0 	 0 	 0 	0
89 	 0 	 0 	 0 	 0 	 0 	 0 	0
90 	 0 	 0 	 0 	 0 	 0 	 0 	0
91 	 0 	 0 	 0 	 0 	 0 	 0 	0
92 	 0 	 0 	 0 	 0 	 0 	 0 	0
93 	 0 	 0 	 0 	 0 	 0 	 0 	0
94 	 0 	 0 	 0 	 0 	 0 	 0 	0
95 	 0 	 0 	 0 	 0 	 0 	 0 	0
96 	 0 	 0 	 0 	 0 	 0 	 0 	0
97 	 0 	 0 	 0 	 0 	 0 	 0 	0
98 	 0 	 0 	 0 	 0 	 0 	 0 	0
99 	 0 	 0 	 0 	 0 	 0 	 0 	0

Current time: 11.0
11	 0 	11.0 	 11.00096684254197 	 0.0009668425419704363 	  sensor_0 -> rsu_0 -> sensor_0 -> Success
13	 0 	11.0 	 11.001340159412093 	 0.0013401594120932003 	  sensor_1 -> sensor_0 -> rsu_0 -> sensor_0 -> Success
10	 0 	10.5 	 11.501834347879567 	 1.0018343478795675 	  sensor_0 -> sensor_1 -> sensor_2 -> sensor_2 -> sensor_3 -> gnb -> sensor_3 -> Success
14	 0 	11.5 	 11.501970294811052 	 0.0019702948110520424 	  sensor_0 -> rsu_0 -> sensor_0 -> Success
16	 0 	11.5 	 11.504046362524793 	 0.004046362524793068 	  sensor_1 -> sensor_0 -> rsu_0 -> sensor_0 -> Success
0 	 14 	 0 	 16 	 2 	 5 	 11 	0
1 	 4 	 0 	 9 	 5 	 8 	 1 	0
2 	 0 	 0 	 6 	 6 	 5 	 0 	1
3 	 0 	 0 	 5 	 5 	 3 	 0 	2
4 	 0 	 0 	 3 	 3 	 2 	 0 	1
5 	 0 	 0 	 2 	 2 	 2 	 0 	0
6 	 0 	 0 	 2 	 2 	 2 	 0 	0
7 	 0 	 0 	 2 	 2 	 2 	 0 	0
8 	 0 	 0 	 2 	 2 	 2 	 0 	0
9 	 0 	 0 	 2 	 2 	 2 	 0 	0
10 	 0 	 0 	 2 	 2 	 2 	 0 	0
11 	 0 	 0 	 2 	 2 	 1 	 0 	1
12 	 0 	 0 	 1 	 1 	 1 	 0 	0
13 	 0 	 0 	 1 	 1 	 1 	 0 	0
14 	 0 	 0 	 1 	 1 	 1 	 0 	0
15 	 0 	 0 	 1 	 1 	 1 	 0 	0
16 	 0 	 0 	 1 	 1 	 1 	 0 	0
17 	 0 	 0 	 1 	 1 	 1 	 0 	0
18 	 0 	 0 	 1 	 1 	 1 	 0 	0
19 	 0 	 0 	 1 	 1 	 1 	 0 	0
20 	 0 	 0 	 1 	 1 	 1 	 0 	0
21 	 0 	 0 	 1 	 1 	 1 	 0 	0
22 	 0 	 0 	 1 	 1 	 1 	 0 	0
23 	 0 	 0 	 1 	 1 	 1 	 0 	0
24 	 0 	 0 	 1 	 1 	 1 	 0 	0
25 	 0 	 0 	 1 	 1 	 1 	 0 	0
26 	 0 	 0 	 1 	 1 	 1 	 0 	0
27 	 0 	 0 	 1 	 1 	 1 	 0 	0
28 	 0 	 0 	 1 	 1 	 1 	 0 	0
29 	 0 	 0 	 1 	 1 	 1 	 0 	0
30 	 0 	 0 	 1 	 1 	 1 	 0 	0
31 	 0 	 0 	 1 	 1 	 1 	 0 	0
32 	 0 	 0 	 1 	 1 	 1 	 0 	0
33 	 0 	 0 	 1 	 1 	 1 	 0 	0
34 	 0 	 0 	 1 	 1 	 1 	 0 	0
35 	 0 	 0 	 1 	 1 	 1 	 0 	0
36 	 0 	 0 	 1 	 1 	 1 	 0 	0
37 	 0 	 0 	 1 	 1 	 1 	 0 	0
38 	 0 	 0 	 1 	 1 	 1 	 0 	0
39 	 0 	 0 	 1 	 1 	 1 	 0 	0
40 	 0 	 0 	 1 	 1 	 1 	 0 	0
41 	 0 	 0 	 1 	 1 	 1 	 0 	0
42 	 0 	 0 	 1 	 1 	 1 	 0 	0
43 	 0 	 0 	 1 	 1 	 1 	 0 	0
44 	 0 	 0 	 1 	 1 	 1 	 0 	0
45 	 0 	 0 	 1 	 1 	 1 	 0 	0
46 	 0 	 0 	 1 	 1 	 1 	 0 	0
47 	 0 	 0 	 1 	 1 	 1 	 0 	0
48 	 0 	 0 	 1 	 1 	 1 	 0 	0
49 	 0 	 0 	 1 	 1 	 1 	 0 	0
50 	 0 	 0 	 1 	 1 	 1 	 0 	0
51 	 0 	 0 	 1 	 1 	 1 	 0 	0
52 	 0 	 0 	 1 	 1 	 0 	 0 	1
53 	 0 	 0 	 0 	 0 	 0 	 0 	0
54 	 0 	 0 	 0 	 0 	 0 	 0 	0
55 	 0 	 0 	 0 	 0 	 0 	 0 	0
56 	 0 	 0 	 0 	 0 	 0 	 0 	0
57 	 0 	 0 	 0 	 0 	 0 	 0 	0
58 	 0 	 0 	 0 	 0 	 0 	 0 	0
59 	 0 	 0 	 0 	 0 	 0 	 0 	0
60 	 0 	 0 	 0 	 0 	 0 	 0 	0
61 	 0 	 0 	 0 	 0 	 0 	 0 	0
62 	 0 	 0 	 0 	 0 	 0 	 0 	0
63 	 0 	 0 	 0 	 0 	 0 	 0 	0
64 	 0 	 0 	 0 	 0 	 0 	 0 	0
65 	 0 	 0 	 0 	 0 	 0 	 0 	0
66 	 0 	 0 	 0 	 0 	 0 	 0 	0
67 	 0 	 0 	 0 	 0 	 0 	 0 	0
68 	 0 	 0 	 0 	 0 	 0 	 0 	0
69 	 0 	 0 	 0 	 0 	 0 	 0 	0
70 	 0 	 0 	 0 	 0 	 0 	 0 	0
71 	 0 	 0 	 0 	 0 	 0 	 0 	0
72 	 0 	 0 	 0 	 0 	 0 	 0 	0
73 	 0 	 0 	 0 	 0 	 0 	 0 	0
74 	 0 	 0 	 0 	 0 	 0 	 0 	0
75 	 0 	 0 	 0 	 0 	 0 	 0 	0
76 	 0 	 0 	 0 	 0 	 0 	 0 	0
77 	 0 	 0 	 0 	 0 	 0 	 0 	0
78 	 0 	 0 	 0 	 0 	 0 	 0 	0
79 	 0 	 0 	 0 	 0 	 0 	 0 	0
80 	 0 	 0 	 0 	 0 	 0 	 0 	0
81 	 0 	 0 	 0 	 0 	 0 	 0 	0
82 	 0 	 0 	 0 	 0 	 0 	 0 	0
83 	 0 	 0 	 0 	 0 	 0 	 0 	0
84 	 0 	 0 	 0 	 0 	 0 	 0 	0
85 	 0 	 0 	 0 	 0 	 0 	 0 	0
86 	 0 	 0 	 0 	 0 	 0 	 0 	0
87 	 0 	 0 	 0 	 0 	 0 	 0 	0
88 	 0 	 0 	 0 	 0 	 0 	 0 	0
89 	 0 	 0 	 0 	 0 	 0 	 0 	0
90 	 0 	 0 	 0 	 0 	 0 	 0 	0
91 	 0 	 0 	 0 	 0 	 0 	 0 	0
92 	 0 	 0 	 0 	 0 	 0 	 0 	0
93 	 0 	 0 	 0 	 0 	 0 	 0 	0
94 	 0 	 0 	 0 	 0 	 0 	 0 	0
95 	 0 	 0 	 0 	 0 	 0 	 0 	0
96 	 0 	 0 	 0 	 0 	 0 	 0 	0
97 	 0 	 0 	 0 	 0 	 0 	 0 	0
98 	 0 	 0 	 0 	 0 	 0 	 0 	0
99 	 0 	 0 	 0 	 0 	 0 	 0 	0

Current time: 12.0
15	 0 	12.0 	 12.0001096795618 	 0.00010967956180074623 	  sensor_0 -> rsu_0 -> sensor_0 -> Success
17	 0 	12.0 	 12.000537148766101 	 0.0005371487661012253 	  sensor_1 -> rsu_0 -> sensor_1 -> Success
18	 0 	12.5 	 12.502300455014588 	 0.0023004550145877545 	  sensor_0 -> rsu_0 -> sensor_0 -> Success
20	 0 	12.5 	 12.502749787322784 	 0.002749787322784414 	  sensor_1 -> rsu_0 -> sensor_1 -> Success
0 	 16 	 0 	 18 	 2 	 5 	 13 	0
1 	 6 	 0 	 11 	 5 	 8 	 3 	0
2 	 0 	 0 	 6 	 6 	 5 	 0 	1
3 	 0 	 0 	 5 	 5 	 3 	 0 	2
4 	 0 	 0 	 3 	 3 	 2 	 0 	1
5 	 0 	 0 	 2 	 2 	 2 	 0 	0
6 	 0 	 0 	 2 	 2 	 2 	 0 	0
7 	 0 	 0 	 2 	 2 	 2 	 0 	0
8 	 0 	 0 	 2 	 2 	 2 	 0 	0
9 	 0 	 0 	 2 	 2 	 2 	 0 	0
10 	 0 	 0 	 2 	 2 	 2 	 0 	0
11 	 0 	 0 	 2 	 2 	 1 	 0 	1
12 	 0 	 0 	 1 	 1 	 1 	 0 	0
13 	 0 	 0 	 1 	 1 	 1 	 0 	0
14 	 0 	 0 	 1 	 1 	 1 	 0 	0
15 	 0 	 0 	 1 	 1 	 1 	 0 	0
16 	 0 	 0 	 1 	 1 	 1 	 0 	0
17 	 0 	 0 	 1 	 1 	 1 	 0 	0
18 	 0 	 0 	 1 	 1 	 1 	 0 	0
19 	 0 	 0 	 1 	 1 	 1 	 0 	0
20 	 0 	 0 	 1 	 1 	 1 	 0 	0
21 	 0 	 0 	 1 	 1 	 1 	 0 	0
22 	 0 	 0 	 1 	 1 	 1 	 0 	0
23 	 0 	 0 	 1 	 1 	 1 	 0 	0
24 	 0 	 0 	 1 	 1 	 1 	 0 	0
25 	 0 	 0 	 1 	 1 	 1 	 0 	0
26 	 0 	 0 	 1 	 1 	 1 	 0 	0
27 	 0 	 0 	 1 	 1 	 1 	 0 	0
28 	 0 	 0 	 1 	 1 	 1 	 0 	0
29 	 0 	 0 	 1 	 1 	 1 	 0 	0
30 	 0 	 0 	 1 	 1 	 1 	 0 	0
31 	 0 	 0 	 1 	 1 	 1 	 0 	0
32 	 0 	 0 	 1 	 1 	 1 	 0 	0
33 	 0 	 0 	 1 	 1 	 1 	 0 	0
34 	 0 	 0 	 1 	 1 	 1 	 0 	0
35 	 0 	 0 	 1 	 1 	 1 	 0 	0
36 	 0 	 0 	 1 	 1 	 1 	 0 	0
37 	 0 	 0 	 1 	 1 	 1 	 0 	0
38 	 0 	 0 	 1 	 1 	 1 	 0 	0
39 	 0 	 0 	 1 	 1 	 1 	 0 	0
40 	 0 	 0 	 1 	 1 	 1 	 0 	0
41 	 0 	 0 	 1 	 1 	 1 	 0 	0
42 	 0 	 0 	 1 	 1 	 1 	 0 	0
43 	 0 	 0 	 1 	 1 	 1 	 0 	0
44 	 0 	 0 	 1 	 1 	 1 	 0 	0
45 	 0 	 0 	 1 	 1 	 1 	 0 	0
46 	 0 	 0 	 1 	 1 	 1 	 0 	0
47 	 0 	 0 	 1 	 1 	 1 	 0 	0
48 	 0 	 0 	 1 	 1 	 1 	 0 	0
49 	 0 	 0 	 1 	 1 	 1 	 0 	0
50 	 0 	 0 	 1 	 1 	 1 	 0 	0
51 	 0 	 0 	 1 	 1 	 1 	 0 	0
52 	 0 	 0 	 1 	 1 	 0 	 0 	1
53 	 0 	 0 	 0 	 0 	 0 	 0 	0
54 	 0 	 0 	 0 	 0 	 0 	 0 	0
55 	 0 	 0 	 0 	 0 	 0 	 0 	0
56 	 0 	 0 	 0 	 0 	 0 	 0 	0
57 	 0 	 0 	 0 	 0 	 0 	 0 	0
58 	 0 	 0 	 0 	 0 	 0 	 0 	0
59 	 0 	 0 	 0 	 0 	 0 	 0 	0
60 	 0 	 0 	 0 	 0 	 0 	 0 	0
61 	 0 	 0 	 0 	 0 	 0 	 0 	0
62 	 0 	 0 	 0 	 0 	 0 	 0 	0
63 	 0 	 0 	 0 	 0 	 0 	 0 	0
64 	 0 	 0 	 0 	 0 	 0 	 0 	0
65 	 0 	 0 	 0 	 0 	 0 	 0 	0
66 	 0 	 0 	 0 	 0 	 0 	 0 	0
67 	 0 	 0 	 0 	 0 	 0 	 0 	0
68 	 0 	 0 	 0 	 0 	 0 	 0 	0
69 	 0 	 0 	 0 	 0 	 0 	 0 	0
70 	 0 	 0 	 0 	 0 	 0 	 0 	0
71 	 0 	 0 	 0 	 0 	 0 	 0 	0
72 	 0 	 0 	 0 	 0 	 0 	 0 	0
73 	 0 	 0 	 0 	 0 	 0 	 0 	0
74 	 0 	 0 	 0 	 0 	 0 	 0 	0
75 	 0 	 0 	 0 	 0 	 0 	 0 	0
76 	 0 	 0 	 0 	 0 	 0 	 0 	0
77 	 0 	 0 	 0 	 0 	 0 	 0 	0
78 	 0 	 0 	 0 	 0 	 0 	 0 	0
79 	 0 	 0 	 0 	 0 	 0 	 0 	0
80 	 0 	 0 	 0 	 0 	 0 	 0 	0
81 	 0 	 0 	 0 	 0 	 0 	 0 	0
82 	 0 	 0 	 0 	 0 	 0 	 0 	0
83 	 0 	 0 	 0 	 0 	 0 	 0 	0
84 	 0 	 0 	 0 	 0 	 0 	 0 	0
85 	 0 	 0 	 0 	 0 	 0 	 0 	0
86 	 0 	 0 	 0 	 0 	 0 	 0 	0
87 	 0 	 0 	 0 	 0 	 0 	 0 	0
88 	 0 	 0 	 0 	 0 	 0 	 0 	0
89 	 0 	 0 	 0 	 0 	 0 	 0 	0
90 	 0 	 0 	 0 	 0 	 0 	 0 	0
91 	 0 	 0 	 0 	 0 	 0 	 0 	0
92 	 0 	 0 	 0 	 0 	 0 	 0 	0
93 	 0 	 0 	 0 	 0 	 0 	 0 	0
94 	 0 	 0 	 0 	 0 	 0 	 0 	0
95 	 0 	 0 	 0 	 0 	 0 	 0 	0
96 	 0 	 0 	 0 	 0 	 0 	 0 	0
97 	 0 	 0 	 0 	 0 	 0 	 0 	0
98 	 0 	 0 	 0 	 0 	 0 	 0 	0
99 	 0 	 0 	 0 	 0 	 0 	 0 	0

Current time: 13.0
19	 0 	13.0 	 13.002254653984894 	 0.002254653984893551 	  sensor_0 -> rsu_0 -> sensor_0 -> Success
21	 0 	13.0 	 13.003475466519264 	 0.0034754665192640033 	  sensor_1 -> rsu_0 -> sensor_1 -> Success
22	 0 	13.5 	 13.502308293551696 	 0.002308293551696039 	  sensor_0 -> rsu_0 -> sensor_0 -> Success
24	 0 	13.5 	 13.50377366525538 	 0.003773665255380365 	  sensor_1 -> rsu_0 -> sensor_1 -> Success
0 	 18 	 0 	 20 	 2 	 5 	 15 	0
1 	 8 	 0 	 13 	 5 	 8 	 5 	0
2 	 0 	 0 	 6 	 6 	 5 	 0 	1
3 	 0 	 0 	 5 	 5 	 3 	 0 	2
4 	 0 	 0 	 3 	 3 	 2 	 0 	1
5 	 0 	 0 	 2 	 2 	 2 	 0 	0
6 	 0 	 0 	 2 	 2 	 2 	 0 	0
7 	 0 	 0 	 2 	 2 	 2 	 0 	0
8 	 0 	 0 	 2 	 2 	 2 	 0 	0
9 	 0 	 0 	 2 	 2 	 2 	 0 	0
10 	 0 	 0 	 2 	 2 	 2 	 0 	0
11 	 0 	 0 	 2 	 2 	 1 	 0 	1
12 	 0 	 0 	 1 	 1 	 1 	 0 	0
13 	 0 	 0 	 1 	 1 	 1 	 0 	0
14 	 0 	 0 	 1 	 1 	 1 	 0 	0
15 	 0 	 0 	 1 	 1 	 1 	 0 	0
16 	 0 	 0 	 1 	 1 	 1 	 0 	0
17 	 0 	 0 	 1 	 1 	 1 	 0 	0
18 	 0 	 0 	 1 	 1 	 1 	 0 	0
19 	 0 	 0 	 1 	 1 	 1 	 0 	0
20 	 0 	 0 	 1 	 1 	 1 	 0 	0
21 	 0 	 0 	 1 	 1 	 1 	 0 	0
22 	 0 	 0 	 1 	 1 	 1 	 0 	0
23 	 0 	 0 	 1 	 1 	 1 	 0 	0
24 	 0 	 0 	 1 	 1 	 1 	 0 	0
25 	 0 	 0 	 1 	 1 	 1 	 0 	0
26 	 0 	 0 	 1 	 1 	 1 	 0 	0
27 	 0 	 0 	 1 	 1 	 1 	 0 	0
28 	 0 	 0 	 1 	 1 	 1 	 0 	0
29 	 0 	 0 	 1 	 1 	 1 	 0 	0
30 	 0 	 0 	 1 	 1 	 1 	 0 	0
31 	 0 	 0 	 1 	 1 	 1 	 0 	0
32 	 0 	 0 	 1 	 1 	 1 	 0 	0
33 	 0 	 0 	 1 	 1 	 1 	 0 	0
34 	 0 	 0 	 1 	 1 	 1 	 0 	0
35 	 0 	 0 	 1 	 1 	 1 	 0 	0
36 	 0 	 0 	 1 	 1 	 1 	 0 	0
37 	 0 	 0 	 1 	 1 	 1 	 0 	0
38 	 0 	 0 	 1 	 1 	 1 	 0 	0
39 	 0 	 0 	 1 	 1 	 1 	 0 	0
40 	 0 	 0 	 1 	 1 	 1 	 0 	0
41 	 0 	 0 	 1 	 1 	 1 	 0 	0
42 	 0 	 0 	 1 	 1 	 1 	 0 	0
43 	 0 	 0 	 1 	 1 	 1 	 0 	0
44 	 0 	 0 	 1 	 1 	 1 	 0 	0
45 	 0 	 0 	 1 	 1 	 1 	 0 	0
46 	 0 	 0 	 1 	 1 	 1 	 0 	0
47 	 0 	 0 	 1 	 1 	 1 	 0 	0
48 	 0 	 0 	 1 	 1 	 1 	 0 	0
49 	 0 	 0 	 1 	 1 	 1 	 0 	0
50 	 0 	 0 	 1 	 1 	 1 	 0 	0
51 	 0 	 0 	 1 	 1 	 1 	 0 	0
52 	 0 	 0 	 1 	 1 	 0 	 0 	1
53 	 0 	 0 	 0 	 0 	 0 	 0 	0
54 	 0 	 0 	 0 	 0 	 0 	 0 	0
55 	 0 	 0 	 0 	 0 	 0 	 0 	0
56 	 0 	 0 	 0 	 0 	 0 	 0 	0
57 	 0 	 0 	 0 	 0 	 0 	 0 	0
58 	 0 	 0 	 0 	 0 	 0 	 0 	0
59 	 0 	 0 	 0 	 0 	 0 	 0 	0
60 	 0 	 0 	 0 	 0 	 0 	 0 	0
61 	 0 	 0 	 0 	 0 	 0 	 0 	0
62 	 0 	 0 	 0 	 0 	 0 	 0 	0
63 	 0 	 0 	 0 	 0 	 0 	 0 	0
64 	 0 	 0 	 0 	 0 	 0 	 0 	0
65 	 0 	 0 	 0 	 0 	 0 	 0 	0
66 	 0 	 0 	 0 	 0 	 0 	 0 	0
67 	 0 	 0 	 0 	 0 	 0 	 0 	0
68 	 0 	 0 	 0 	 0 	 0 	 0 	0
69 	 0 	 0 	 0 	 0 	 0 	 0 	0
70 	 0 	 0 	 0 	 0 	 0 	 0 	0
71 	 0 	 0 	 0 	 0 	 0 	 0 	0
72 	 0 	 0 	 0 	 0 	 0 	 0 	0
73 	 0 	 0 	 0 	 0 	 0 	 0 	0
74 	 0 	 0 	 0 	 0 	 0 	 0 	0
75 	 0 	 0 	 0 	 0 	 0 	 0 	0
76 	 0 	 0 	 0 	 0 	 0 	 0 	0
77 	 0 	 0 	 0 	 0 	 0 	 0 	0
78 	 0 	 0 	 0 	 0 	 0 	 0 	0
79 	 0 	 0 	 0 	 0 	 0 	 0 	0
80 	 0 	 0 	 0 	 0 	 0 	 0 	0
81 	 0 	 0 	 0 	 0 	 0 	 0 	0
82 	 0 	 0 	 0 	 0 	 0 	 0 	0
83 	 0 	 0 	 0 	 0 	 0 	 0 	0
84 	 0 	 0 	 0 	 0 	 0 	 0 	0
85 	 0 	 0 	 0 	 0 	 0 	 0 	0
86 	 0 	 0 	 0 	 0 	 0 	 0 	0
87 	 0 	 0 	 0 	 0 	 0 	 0 	0
88 	 0 	 0 	 0 	 0 	 0 	 0 	0
89 	 0 	 0 	 0 	 0 	 0 	 0 	0
90 	 0 	 0 	 0 	 0 	 0 	 0 	0
91 	 0 	 0 	 0 	 0 	 0 	 0 	0
92 	 0 	 0 	 0 	 0 	 0 	 0 	0
93 	 0 	 0 	 0 	 0 	 0 	 0 	0
94 	 0 	 0 	 0 	 0 	 0 	 0 	0
95 	 0 	 0 	 0 	 0 	 0 	 0 	0
96 	 0 	 0 	 0 	 0 	 0 	 0 	0
97 	 0 	 0 	 0 	 0 	 0 	 0 	0
98 	 0 	 0 	 0 	 0 	 0 	 0 	0
99 	 0 	 0 	 0 	 0 	 0 	 0 	0

Current time: 14.0
23	 0 	14.0 	 14.00336304306172 	 0.0033630430617197504 	  sensor_0 -> rsu_0 -> sensor_0 -> Success
25	 0 	14.0 	 14.003472769538877 	 0.0034727695388774293 	  sensor_1 -> rsu_0 -> sensor_1 -> Success
26	 0 	14.5 	 14.50091127206699 	 0.0009112720669897101 	  sensor_0 -> rsu_0 -> sensor_0 -> Success
28	 0 	14.5 	 14.503255921203131 	 0.003255921203130896 	  sensor_1 -> rsu_0 -> sensor_1 -> Success
0 	 20 	 0 	 22 	 2 	 5 	 17 	0
1 	 10 	 0 	 15 	 5 	 8 	 7 	0
2 	 0 	 0 	 6 	 6 	 5 	 0 	1
3 	 0 	 0 	 5 	 5 	 3 	 0 	2
4 	 0 	 0 	 3 	 3 	 2 	 0 	1
5 	 0 	 0 	 2 	 2 	 2 	 0 	0
6 	 0 	 0 	 2 	 2 	 2 	 0 	0
7 	 0 	 0 	 2 	 2 	 2 	 0 	0
8 	 0 	 0 	 2 	 2 	 2 	 0 	0
9 	 0 	 0 	 2 	 2 	 2 	 0 	0
10 	 0 	 0 	 2 	 2 	 2 	 0 	0
11 	 0 	 0 	 2 	 2 	 1 	 0 	1
12 	 0 	 0 	 1 	 1 	 1 	 0 	0
13 	 0 	 0 	 1 	 1 	 1 	 0 	0
14 	 0 	 0 	 1 	 1 	 1 	 0 	0
15 	 0 	 0 	 1 	 1 	 1 	 0 	0
16 	 0 	 0 	 1 	 1 	 1 	 0 	0
17 	 0 	 0 	 1 	 1 	 1 	 0 	0
18 	 0 	 0 	 1 	 1 	 1 	 0 	0
19 	 0 	 0 	 1 	 1 	 1 	 0 	0
20 	 0 	 0 	 1 	 1 	 1 	 0 	0
21 	 0 	 0 	 1 	 1 	 1 	 0 	0
22 	 0 	 0 	 1 	 1 	 1 	 0 	0
23 	 0 	 0 	 1 	 1 	 1 	 0 	0
24 	 0 	 0 	 1 	 1 	 1 	 0 	0
25 	 0 	 0 	 1 	 1 	 1 	 0 	0
26 	 0 	 0 	 1 	 1 	 1 	 0 	0
27 	 0 	 0 	 1 	 1 	 1 	 0 	0
28 	 0 	 0 	 1 	 1 	 1 	 0 	0
29 	 0 	 0 	 1 	 1 	 1 	 0 	0
30 	 0 	 0 	 1 	 1 	 1 	 0 	0
31 	 0 	 0 	 1 	 1 	 1 	 0 	0
32 	 0 	 0 	 1 	 1 	 1 	 0 	0
33 	 0 	 0 	 1 	 1 	 1 	 0 	0
34 	 0 	 0 	 1 	 1 	 1 	 0 	0
35 	 0 	 0 	 1 	 1 	 1 	 0 	0
36 	 0 	 0 	 1 	 1 	 1 	 0 	0
37 	 0 	 0 	 1 	 1 	 1 	 0 	0
38 	 0 	 0 	 1 	 1 	 1 	 0 	0
39 	 0 	 0 	 1 	 1 	 1 	 0 	0
40 	 0 	 0 	 1 	 1 	 1 	 0 	0
41 	 0 	 0 	 1 	 1 	 1 	 0 	0
42 	 0 	 0 	 1 	 1 	 1 	 0 	0
43 	 0 	 0 	 1 	 1 	 1 	 0 	0
44 	 0 	 0 	 1 	 1 	 1 	 0 	0
45 	 0 	 0 	 1 	 1 	 1 	 0 	0
46 	 0 	 0 	 1 	 1 	 1 	 0 	0
47 	 0 	 0 	 1 	 1 	 1 	 0 	0
48 	 0 	 0 	 1 	 1 	 1 	 0 	0
49 	 0 	 0 	 1 	 1 	 1 	 0 	0
50 	 0 	 0 	 1 	 1 	 1 	 0 	0
51 	 0 	 0 	 1 	 1 	 1 	 0 	0
52 	 0 	 0 	 1 	 1 	 0 	 0 	1
53 	 0 	 0 	 0 	 0 	 0 	 0 	0
54 	 0 	 0 	 0 	 0 	 0 	 0 	0
55 	 0 	 0 	 0 	 0 	 0 	 0 	0
56 	 0 	 0 	 0 	 0 	 0 	 0 	0
57 	 0 	 0 	 0 	 0 	 0 	 0 	0
58 	 0 	 0 	 0 	 0 	 0 	 0 	0
59 	 0 	 0 	 0 	 0 	 0 	 0 	0
60 	 0 	 0 	 0 	 0 	 0 	 0 	0
61 	 0 	 0 	 0 	 0 	 0 	 0 	0
62 	 0 	 0 	 0 	 0 	 0 	 0 	0
63 	 0 	 0 	 0 	 0 	 0 	 0 	0
64 	 0 	 0 	 0 	 0 	 0 	 0 	0
65 	 0 	 0 	 0 	 0 	 0 	 0 	0
66 	 0 	 0 	 0 	 0 	 0 	 0 	0
67 	 0 	 0 	 0 	 0 	 0 	 0 	0
68 	 0 	 0 	 0 	 0 	 0 	 0 	0
69 	 0 	 0 	 0 	 0 	 0 	 0 	0
70 	 0 	 0 	 0 	 0 	 0 	 0 	0
71 	 0 	 0 	 0 	 0 	 0 	 0 	0
72 	 0 	 0 	 0 	 0 	 0 	 0 	0
73 	 0 	 0 	 0 	 0 	 0 	 0 	0
74 	 0 	 0 	 0 	 0 	 0 	 0 	0
75 	 0 	 0 	 0 	 0 	 0 	 0 	0
76 	 0 	 0 	 0 	 0 	 0 	 0 	0
77 	 0 	 0 	 0 	 0 	 0 	 0 	0
78 	 0 	 0 	 0 	 0 	 0 	 0 	0
79 	 0 	 0 	 0 	 0 	 0 	 0 	0
80 	 0 	 0 	 0 	 0 	 0 	 0 	0
81 	 0 	 0 	 0 	 0 	 0 	 0 	0
82 	 0 	 0 	 0 	 0 	 0 	 0 	0
83 	 0 	 0 	 0 	 0 	 0 	 0 	0
84 	 0 	 0 	 0 	 0 	 0 	 0 	0
85 	 0 	 0 	 0 	 0 	 0 	 0 	0
86 	 0 	 0 	 0 	 0 	 0 	 0 	0
87 	 0 	 0 	 0 	 0 	 0 	 0 	0
88 	 0 	 0 	 0 	 0 	 0 	 0 	0
89 	 0 	 0 	 0 	 0 	 0 	 0 	0
90 	 0 	 0 	 0 	 0 	 0 	 0 	0
91 	 0 	 0 	 0 	 0 	 0 	 0 	0
92 	 0 	 0 	 0 	 0 	 0 	 0 	0
93 	 0 	 0 	 0 	 0 	 0 	 0 	0
94 	 0 	 0 	 0 	 0 	 0 	 0 	0
95 	 0 	 0 	 0 	 0 	 0 	 0 	0
96 	 0 	 0 	 0 	 0 	 0 	 0 	0
97 	 0 	 0 	 0 	 0 	 0 	 0 	0
98 	 0 	 0 	 0 	 0 	 0 	 0 	0
99 	 0 	 0 	 0 	 0 	 0 	 0 	0

Current time: 15.0
27	 0 	15.0 	 15.002339822008082 	 0.0023398220080821375 	  sensor_0 -> rsu_0 -> sensor_0 -> Success
29	 0 	15.0 	 15.00708467646829 	 0.007084676468290141 	  sensor_1 -> rsu_0 -> sensor_1 -> Success
30	 0 	15.5 	 15.500716268449551 	 0.000716268449551194 	  sensor_0 -> rsu_0 -> sensor_0 -> Success
32	 0 	15.5 	 15.501696064471814 	 0.0016960644718135853 	  sensor_1 -> rsu_0 -> sensor_1 -> Success
0 	 22 	 0 	 24 	 2 	 5 	 19 	0
1 	 12 	 1 	 17 	 6 	 8 	 9 	0
2 	 2 	 0 	 8 	 6 	 7 	 0 	1
3 	 0 	 1 	 5 	 6 	 3 	 0 	2
4 	 0 	 0 	 3 	 3 	 2 	 0 	1
5 	 0 	 0 	 2 	 2 	 2 	 0 	0
6 	 0 	 0 	 2 	 2 	 2 	 0 	0
7 	 0 	 0 	 2 	 2 	 2 	 0 	0
8 	 0 	 0 	 2 	 2 	 2 	 0 	0
9 	 0 	 0 	 2 	 2 	 2 	 0 	0
10 	 0 	 0 	 2 	 2 	 2 	 0 	0
11 	 0 	 0 	 2 	 2 	 1 	 0 	1
12 	 0 	 0 	 1 	 1 	 1 	 0 	0
13 	 0 	 0 	 1 	 1 	 1 	 0 	0
14 	 0 	 0 	 1 	 1 	 1 	 0 	0
15 	 0 	 0 	 1 	 1 	 1 	 0 	0
16 	 0 	 0 	 1 	 1 	 1 	 0 	0
17 	 0 	 0 	 1 	 1 	 1 	 0 	0
18 	 0 	 0 	 1 	 1 	 1 	 0 	0
19 	 0 	 0 	 1 	 1 	 1 	 0 	0
20 	 0 	 0 	 1 	 1 	 1 	 0 	0
21 	 0 	 0 	 1 	 1 	 1 	 0 	0
22 	 0 	 0 	 1 	 1 	 1 	 0 	0
23 	 0 	 0 	 1 	 1 	 1 	 0 	0
24 	 0 	 0 	 1 	 1 	 1 	 0 	0
25 	 0 	 0 	 1 	 1 	 1 	 0 	0
26 	 0 	 0 	 1 	 1 	 1 	 0 	0
27 	 0 	 0 	 1 	 1 	 1 	 0 	0
28 	 0 	 0 	 1 	 1 	 1 	 0 	0
29 	 0 	 0 	 1 	 1 	 1 	 0 	0
30 	 0 	 0 	 1 	 1 	 1 	 0 	0
31 	 0 	 0 	 1 	 1 	 1 	 0 	0
32 	 0 	 0 	 1 	 1 	 1 	 0 	0
33 	 0 	 0 	 1 	 1 	 1 	 0 	0
34 	 0 	 0 	 1 	 1 	 1 	 0 	0
35 	 0 	 0 	 1 	 1 	 1 	 0 	0
36 	 0 	 0 	 1 	 1 	 1 	 0 	0
37 	 0 	 0 	 1 	 1 	 1 	 0 	0
38 	 0 	 0 	 1 	 1 	 1 	 0 	0
39 	 0 	 0 	 1 	 1 	 1 	 0 	0
40 	 0 	 0 	 1 	 1 	 1 	 0 	0
41 	 0 	 0 	 1 	 1 	 1 	 0 	0
42 	 0 	 0 	 1 	 1 	 1 	 0 	0
43 	 0 	 0 	 1 	 1 	 1 	 0 	0
44 	 0 	 0 	 1 	 1 	 1 	 0 	0
45 	 0 	 0 	 1 	 1 	 1 	 0 	0
46 	 0 	 0 	 1 	 1 	 1 	 0 	0
47 	 0 	 0 	 1 	 1 	 1 	 0 	0
48 	 0 	 0 	 1 	 1 	 1 	 0 	0
49 	 0 	 0 	 1 	 1 	 1 	 0 	0
50 	 0 	 0 	 1 	 1 	 1 	 0 	0
51 	 0 	 0 	 1 	 1 	 1 	 0 	0
52 	 0 	 0 	 1 	 1 	 0 	 0 	1
53 	 0 	 0 	 0 	 0 	 0 	 0 	0
54 	 0 	 0 	 0 	 0 	 0 	 0 	0
55 	 0 	 0 	 0 	 0 	 0 	 0 	0
56 	 0 	 0 	 0 	 0 	 0 	 0 	0
57 	 0 	 0 	 0 	 0 	 0 	 0 	0
58 	 0 	 0 	 0 	 0 	 0 	 0 	0
59 	 0 	 0 	 0 	 0 	 0 	 0 	0
60 	 0 	 0 	 0 	 0 	 0 	 0 	0
61 	 0 	 0 	 0 	 0 	 0 	 0 	0
62 	 0 	 0 	 0 	 0 	 0 	 0 	0
63 	 0 	 0 	 0 	 0 	 0 	 0 	0
64 	 0 	 0 	 0 	 0 	 0 	 0 	0
65 	 0 	 0 	 0 	 0 	 0 	 0 	0
66 	 0 	 0 	 0 	 0 	 0 	 0 	0
67 	 0 	 0 	 0 	 0 	 0 	 0 	0
68 	 0 	 0 	 0 	 0 	 0 	 0 	0
69 	 0 	 0 	 0 	 0 	 0 	 0 	0
70 	 0 	 0 	 0 	 0 	 0 	 0 	0
71 	 0 	 0 	 0 	 0 	 0 	 0 	0
72 	 0 	 0 	 0 	 0 	 0 	 0 	0
73 	 0 	 0 	 0 	 0 	 0 	 0 	0
74 	 0 	 0 	 0 	 0 	 0 	 0 	0
75 	 0 	 0 	 0 	 0 	 0 	 0 	0
76 	 0 	 0 	 0 	 0 	 0 	 0 	0
77 	 0 	 0 	 0 	 0 	 0 	 0 	0
78 	 0 	 0 	 0 	 0 	 0 	 0 	0
79 	 0 	 0 	 0 	 0 	 0 	 0 	0
80 	 0 	 0 	 0 	 0 	 0 	 0 	0
81 	 0 	 0 	 0 	 0 	 0 	 0 	0
82 	 0 	 0 	 0 	 0 	 0 	 0 	0
83 	 0 	 0 	 0 	 0 	 0 	 0 	0
84 	 0 	 0 	 0 	 0 	 0 	 0 	0
85 	 0 	 0 	 0 	 0 	 0 	 0 	0
86 	 0 	 0 	 0 	 0 	 0 	 0 	0
87 	 0 	 0 	 0 	 0 	 0 	 0 	0
88 	 0 	 0 	 0 	 0 	 0 	 0 	0
89 	 0 	 0 	 0 	 0 	 0 	 0 	0
90 	 0 	 0 	 0 	 0 	 0 	 0 	0
91 	 0 	 0 	 0 	 0 	 0 	 0 	0
92 	 0 	 0 	 0 	 0 	 0 	 0 	0
93 	 0 	 0 	 0 	 0 	 0 	 0 	0
94 	 0 	 0 	 0 	 0 	 0 	 0 	0
95 	 0 	 0 	 0 	 0 	 0 	 0 	0
96 	 0 	 0 	 0 	 0 	 0 	 0 	0
97 	 0 	 0 	 0 	 0 	 0 	 0 	0
98 	 0 	 0 	 0 	 0 	 0 	 0 	0
99 	 0 	 0 	 0 	 0 	 0 	 0 	0

Current time: 16.0
31	 0 	16.0 	 16.002048621920327 	 0.002048621920327065 	  sensor_0 -> rsu_0 -> sensor_0 -> Success
33	 0 	16.0 	 16.00331334612875 	 0.0033133461287491173 	  sensor_1 -> rsu_0 -> sensor_1 -> Success
35	 0 	16.0 	 16.003806069455486 	 0.0038060694554857832 	  sensor_2 -> sensor_1 -> rsu_0 -> sensor_1 -> Success
36	 0 	16.5 	 16.502003174498896 	 0.0020031744988955325 	  sensor_0 -> rsu_0 -> sensor_0 -> Success
38	 0 	16.5 	 16.50254751798959 	 0.002547517989590631 	  sensor_1 -> rsu_0 -> sensor_1 -> Success
40	 0 	16.5 	 16.503557797079605 	 0.0035577970796047964 	  sensor_2 -> sensor_1 -> rsu_0 -> sensor_1 -> Success
0 	 24 	 0 	 26 	 2 	 5 	 21 	0
1 	 14 	 0 	 21 	 7 	 8 	 13 	0
2 	 4 	 0 	 10 	 6 	 8 	 1 	1
3 	 0 	 1 	 5 	 6 	 3 	 0 	2
4 	 0 	 0 	 3 	 3 	 2 	 0 	1
5 	 0 	 0 	 2 	 2 	 2 	 0 	0
6 	 0 	 0 	 2 	 2 	 2 	 0 	0
7 	 0 	 0 	 2 	 2 	 2 	 0 	0
8 	 0 	 0 	 2 	 2 	 2 	 0 	0
9 	 0 	 0 	 2 	 2 	 2 	 0 	0
10 	 0 	 0 	 2 	 2 	 2 	 0 	0
11 	 0 	 0 	 2 	 2 	 1 	 0 	1
12 	 0 	 0 	 1 	 1 	 1 	 0 	0
13 	 0 	 0 	 1 	 1 	 1 	 0 	0
14 	 0 	 0 	 1 	 1 	 1 	 0 	0
15 	 0 	 0 	 1 	 1 	 1 	 0 	0
16 	 0 	 0 	 1 	 1 	 1 	 0 	0
17 	 0 	 0 	 1 	 1 	 1 	 0 	0
18 	 0 	 0 	 1 	 1 	 1 	 0 	0
19 	 0 	 0 	 1 	 1 	 1 	 0 	0
20 	 0 	 0 	 1 	 1 	 1 	 0 	0
21 	 0 	 0 	 1 	 1 	 1 	 0 	0
22 	 0 	 0 	 1 	 1 	 1 	 0 	0
23 	 0 	 0 	 1 	 1 	 1 	 0 	0
24 	 0 	 0 	 1 	 1 	 1 	 0 	0
25 	 0 	 0 	 1 	 1 	 1 	 0 	0
26 	 0 	 0 	 1 	 1 	 1 	 0 	0
27 	 0 	 0 	 1 	 1 	 1 	 0 	0
28 	 0 	 0 	 1 	 1 	 1 	 0 	0
29 	 0 	 0 	 1 	 1 	 1 	 0 	0
30 	 0 	 0 	 1 	 1 	 1 	 0 	0
31 	 0 	 0 	 1 	 1 	 1 	 0 	0
32 	 0 	 0 	 1 	 1 	 1 	 0 	0
33 	 0 	 0 	 1 	 1 	 1 	 0 	0
34 	 0 	 0 	 1 	 1 	 1 	 0 	0
35 	 0 	 0 	 1 	 1 	 1 	 0 	0
36 	 0 	 0 	 1 	 1 	 1 	 0 	0
37 	 0 	 0 	 1 	 1 	 1 	 0 	0
38 	 0 	 0 	 1 	 1 	 1 	 0 	0
39 	 0 	 0 	 1 	 1 	 1 	 0 	0
40 	 0 	 0 	 1 	 1 	 1 	 0 	0
41 	 0 	 0 	 1 	 1 	 1 	 0 	0
42 	 0 	 0 	 1 	 1 	 1 	 0 	0
43 	 0 	 0 	 1 	 1 	 1 	 0 	0
44 	 0 	 0 	 1 	 1 	 1 	 0 	0
45 	 0 	 0 	 1 	 1 	 1 	 0 	0
46 	 0 	 0 	 1 	 1 	 1 	 0 	0
47 	 0 	 0 	 1 	 1 	 1 	 0 	0
48 	 0 	 0 	 1 	 1 	 1 	 0 	0
49 	 0 	 0 	 1 	 1 	 1 	 0 	0
50 	 0 	 0 	 1 	 1 	 1 	 0 	0
51 	 0 	 0 	 1 	 1 	 1 	 0 	0
52 	 0 	 0 	 1 	 1 	 0 	 0 	1
53 	 0 	 0 	 0 	 0 	 0 	 0 	0
54 	 0 	 0 	 0 	 0 	 0 	 0 	0
55 	 0 	 0 	 0 	 0 	 0 	 0 	0
56 	 0 	 0 	 0 	 0 	 0 	 0 	0
57 	 0 	 0 	 0 	 0 	 0 	 0 	0
58 	 0 	 0 	 0 	 0 	 0 	 0 	0
59 	 0 	 0 	 0 	 0 	 0 	 0 	0
60 	 0 	 0 	 0 	 0 	 0 	 0 	0
61 	 0 	 0 	 0 	 0 	 0 	 0 	0
62 	 0 	 0 	 0 	 0 	 0 	 0 	0
63 	 0 	 0 	 0 	 0 	 0 	 0 	0
64 	 0 	 0 	 0 	 0 	 0 	 0 	0
65 	 0 	 0 	 0 	 0 	 0 	 0 	0
66 	 0 	 0 	 0 	 0 	 0 	 0 	0
67 	 0 	 0 	 0 	 0 	 0 	 0 	0
68 	 0 	 0 	 0 	 0 	 0 	 0 	0
69 	 0 	 0 	 0 	 0 	 0 	 0 	0
70 	 0 	 0 	 0 	 0 	 0 	 0 	0
71 	 0 	 0 	 0 	 0 	 0 	 0 	0
72 	 0 	 0 	 0 	 0 	 0 	 0 	0
73 	 0 	 0 	 0 	 0 	 0 	 0 	0
74 	 0 	 0 	 0 	 0 	 0 	 0 	0
75 	 0 	 0 	 0 	 0 	 0 	 0 	0
76 	 0 	 0 	 0 	 0 	 0 	 0 	0
77 	 0 	 0 	 0 	 0 	 0 	 0 	0
78 	 0 	 0 	 0 	 0 	 0 	 0 	0
79 	 0 	 0 	 0 	 0 	 0 	 0 	0
80 	 0 	 0 	 0 	 0 	 0 	 0 	0
81 	 0 	 0 	 0 	 0 	 0 	 0 	0
82 	 0 	 0 	 0 	 0 	 0 	 0 	0
83 	 0 	 0 	 0 	 0 	 0 	 0 	0
84 	 0 	 0 	 0 	 0 	 0 	 0 	0
85 	 0 	 0 	 0 	 0 	 0 	 0 	0
86 	 0 	 0 	 0 	 0 	 0 	 0 	0
87 	 0 	 0 	 0 	 0 	 0 	 0 	0
88 	 0 	 0 	 0 	 0 	 0 	 0 	0
89 	 0 	 0 	 0 	 0 	 0 	 0 	0
90 	 0 	 0 	 0 	 0 	 0 	 0 	0
91 	 0 	 0 	 0 	 0 	 0 	 0 	0
92 	 0 	 0 	 0 	 0 	 0 	 0 	0
93 	 0 	 0 	 0 	 0 	 0 	 0 	0
94 	 0 	 0 	 0 	 0 	 0 	 0 	0
95 	 0 	 0 	 0 	 0 	 0 	 0 	0
96 	 0 	 0 	 0 	 0 	 0 	 0 	0
97 	 0 	 0 	 0 	 0 	 0 	 0 	0
98 	 0 	 0 	 0 	 0 	 0 	 0 	0
99 	 0 	 0 	 0 	 0 	 0 	 0 	0

Current time: 17.0
37	 0 	17.0 	 17.00168710175999 	 0.0016871017599910942 	  sensor_0 -> rsu_0 -> sensor_0 -> Success
41	 0 	17.0 	 17.00207013563348 	 0.0020701356334811294 	  sensor_2 -> rsu_0 -> sensor_2 -> Success
39	 0 	17.0 	 17.00435931355965 	 0.004359313559650246 	  sensor_1 -> rsu_0 -> sensor_1 -> Success
42	 0 	17.5 	 17.500727353328987 	 0.0007273533289868794 	  sensor_0 -> rsu_0 -> sensor_0 -> Success
34	 0 	15.5 	 17.50092062636683 	 2.000920626366831 	  sensor_2 -> sensor_3 -> sensor_3 -> sensor_3 -> sensor_4 -> sensor_5 -> sensor_6 -> sensor_7 -> sensor_8 -> sensor_9 -> sensor_10 -> sensor_11 -> sensor_12 -> sensor_13 -> sensor_14 -> sensor_15 -> sensor_16 -> sensor_17 -> sensor_18 -> sensor_19 -> sensor_20 -> sensor_21 -> sensor_22 -> gnb -> sensor_22 -> Success
46	 0 	17.5 	 17.50181488508927 	 0.0018148850892707458 	  sensor_2 -> rsu_0 -> sensor_2 -> Success
44	 0 	17.5 	 17.50185596902881 	 0.0018559690288100228 	  sensor_1 -> rsu_0 -> sensor_1 -> Success
0 	 26 	 0 	 28 	 2 	 5 	 23 	0
1 	 16 	 0 	 23 	 7 	 8 	 15 	0
2 	 6 	 0 	 12 	 6 	 8 	 3 	1
3 	 0 	 0 	 6 	 6 	 4 	 0 	2
4 	 0 	 0 	 4 	 4 	 3 	 0 	1
5 	 0 	 0 	 3 	 3 	 3 	 0 	0
6 	 0 	 0 	 3 	 3 	 3 	 0 	0
7 	 0 	 0 	 3 	 3 	 3 	 0 	0
8 	 0 	 0 	 3 	 3 	 3 	 0 	0
9 	 0 	 0 	 3 	 3 	 3 	 0 	0
10 	 0 	 0 	 3 	 3 	 3 	 0 	0
11 	 0 	 0 	 3 	 3 	 2 	 0 	1
12 	 0 	 0 	 2 	 2 	 2 	 0 	0
13 	 0 	 0 	 2 	 2 	 2 	 0 	0
14 	 0 	 0 	 2 	 2 	 2 	 0 	0
15 	 0 	 0 	 2 	 2 	 2 	 0 	0
16 	 0 	 0 	 2 	 2 	 2 	 0 	0
17 	 0 	 0 	 2 	 2 	 2 	 0 	0
18 	 0 	 0 	 2 	 2 	 2 	 0 	0
19 	 0 	 0 	 2 	 2 	 2 	 0 	0
20 	 0 	 0 	 2 	 2 	 2 	 0 	0
21 	 0 	 0 	 2 	 2 	 2 	 0 	0
22 	 0 	 0 	 2 	 2 	 1 	 0 	1
23 	 0 	 0 	 1 	 1 	 1 	 0 	0
24 	 0 	 0 	 1 	 1 	 1 	 0 	0
25 	 0 	 0 	 1 	 1 	 1 	 0 	0
26 	 0 	 0 	 1 	 1 	 1 	 0 	0
27 	 0 	 0 	 1 	 1 	 1 	 0 	0
28 	 0 	 0 	 1 	 1 	 1 	 0 	0
29 	 0 	 0 	 1 	 1 	 1 	 0 	0
30 	 0 	 0 	 1 	 1 	 1 	 0 	0
31 	 0 	 0 	 1 	 1 	 1 	 0 	0
32 	 0 	 0 	 1 	 1 	 1 	 0 	0
33 	 0 	 0 	 1 	 1 	 1 	 0 	0
34 	 0 	 0 	 1 	 1 	 1 	 0 	0
35 	 0 	 0 	 1 	 1 	 1 	 0 	0
36 	 0 	 0 	 1 	 1 	 1 	 0 	0
37 	 0 	 0 	 1 	 1 	 1 	 0 	0
38 	 0 	 0 	 1 	 1 	 1 	 0 	0
39 	 0 	 0 	 1 	 1 	 1 	 0 	0
40 	 0 	 0 	 1 	 1 	 1 	 0 	0
41 	 0 	 0 	 1 	 1 	 1 	 0 	0
42 	 0 	 0 	 1 	 1 	 1 	 0 	0
43 	 0 	 0 	 1 	 1 	 1 	 0 	0
44 	 0 	 0 	 1 	 1 	 1 	 0 	0
45 	 0 	 0 	 1 	 1 	 1 	 0 	0
46 	 0 	 0 	 1 	 1 	 1 	 0 	0
47 	 0 	 0 	 1 	 1 	 1 	 0 	0
48 	 0 	 0 	 1 	 1 	 1 	 0 	0
49 	 0 	 0 	 1 	 1 	 1 	 0 	0
50 	 0 	 0 	 1 	 1 	 1 	 0 	0
51 	 0 	 0 	 1 	 1 	 1 	 0 	0
52 	 0 	 0 	 1 	 1 	 0 	 0 	1
53 	 0 	 0 	 0 	 0 	 0 	 0 	0
54 	 0 	 0 	 0 	 0 	 0 	 0 	0
55 	 0 	 0 	 0 	 0 	 0 	 0 	0
56 	 0 	 0 	 0 	 0 	 0 	 0 	0
57 	 0 	 0 	 0 	 0 	 0 	 0 	0
58 	 0 	 0 	 0 	 0 	 0 	 0 	0
59 	 0 	 0 	 0 	 0 	 0 	 0 	0
60 	 0 	 0 	 0 	 0 	 0 	 0 	0
61 	 0 	 0 	 0 	 0 	 0 	 0 	0
62 	 0 	 0 	 0 	 0 	 0 	 0 	0
63 	 0 	 0 	 0 	 0 	 0 	 0 	0
64 	 0 	 0 	 0 	 0 	 0 	 0 	0
65 	 0 	 0 	 0 	 0 	 0 	 0 	0
66 	 0 	 0 	 0 	 0 	 0 	 0 	0
67 	 0 	 0 	 0 	 0 	 0 	 0 	0
68 	 0 	 0 	 0 	 0 	 0 	 0 	0
69 	 0 	 0 	 0 	 0 	 0 	 0 	0
70 	 0 	 0 	 0 	 0 	 0 	 0 	0
71 	 0 	 0 	 0 	 0 	 0 	 0 	0
72 	 0 	 0 	 0 	 0 	 0 	 0 	0
73 	 0 	 0 	 0 	 0 	 0 	 0 	0
74 	 0 	 0 	 0 	 0 	 0 	 0 	0
75 	 0 	 0 	 0 	 0 	 0 	 0 	0
76 	 0 	 0 	 0 	 0 	 0 	 0 	0
77 	 0 	 0 	 0 	 0 	 0 	 0 	0
78 	 0 	 0 	 0 	 0 	 0 	 0 	0
79 	 0 	 0 	 0 	 0 	 0 	 0 	0
80 	 0 	 0 	 0 	 0 	 0 	 0 	0
81 	 0 	 0 	 0 	 0 	 0 	 0 	0
82 	 0 	 0 	 0 	 0 	 0 	 0 	0
83 	 0 	 0 	 0 	 0 	 0 	 0 	0
84 	 0 	 0 	 0 	 0 	 0 	 0 	0
85 	 0 	 0 	 0 	 0 	 0 	 0 	0
86 	 0 	 0 	 0 	 0 	 0 	 0 	0
87 	 0 	 0 	 0 	 0 	 0 	 0 	0
88 	 0 	 0 	 0 	 0 	 0 	 0 	0
89 	 0 	 0 	 0 	 0 	 0 	 0 	0
90 	 0 	 0 	 0 	 0 	 0 	 0 	0
91 	 0 	 0 	 0 	 0 	 0 	 0 	0
92 	 0 	 0 	 0 	 0 	 0 	 0 	0
93 	 0 	 0 	 0 	 0 	 0 	 0 	0
94 	 0 	 0 	 0 	 0 	 0 	 0 	0
95 	 0 	 0 	 0 	 0 	 0 	 0 	0
96 	 0 	 0 	 0 	 0 	 0 	 0 	0
97 	 0 	 0 	 0 	 0 	 0 	 0 	0
98 	 0 	 0 	 0 	 0 	 0 	 0 	0
99 	 0 	 0 	 0 	 0 	 0 	 0 	0

Current time: 18.0
43	 0 	18.0 	 18.00160215015198 	 0.0016021501519816184 	  sensor_0 -> rsu_0 -> sensor_0 -> Success
45	 0 	18.0 	 18.002901932838412 	 0.0029019328384123355 	  sensor_1 -> rsu_0 -> sensor_1 -> Success
47	 0 	18.0 	 18.003407610646843 	 0.003407610646842585 	  sensor_2 -> rsu_0 -> sensor_2 -> Success
48	 0 	18.5 	 18.501580757811467 	 0.0015807578114674925 	  sensor_0 -> rsu_0 -> sensor_0 -> Success
50	 0 	18.5 	 18.501878505231367 	 0.0018785052313674555 	  sensor_1 -> sensor_0 -> rsu_0 -> sensor_0 -> Success
0 	 28 	 0 	 31 	 3 	 5 	 26 	0
1 	 18 	 0 	 25 	 7 	 9 	 16 	0
2 	 8 	 0 	 14 	 6 	 9 	 4 	1
3 	 0 	 0 	 7 	 7 	 5 	 0 	2
4 	 0 	 1 	 4 	 5 	 3 	 0 	1
5 	 0 	 0 	 3 	 3 	 3 	 0 	0
6 	 0 	 0 	 3 	 3 	 3 	 0 	0
7 	 0 	 0 	 3 	 3 	 3 	 0 	0
8 	 0 	 0 	 3 	 3 	 3 	 0 	0
9 	 0 	 0 	 3 	 3 	 3 	 0 	0
10 	 0 	 0 	 3 	 3 	 3 	 0 	0
11 	 0 	 0 	 3 	 3 	 2 	 0 	1
12 	 0 	 0 	 2 	 2 	 2 	 0 	0
13 	 0 	 0 	 2 	 2 	 2 	 0 	0
14 	 0 	 0 	 2 	 2 	 2 	 0 	0
15 	 0 	 0 	 2 	 2 	 2 	 0 	0
16 	 0 	 0 	 2 	 2 	 2 	 0 	0
17 	 0 	 0 	 2 	 2 	 2 	 0 	0
18 	 0 	 0 	 2 	 2 	 2 	 0 	0
19 	 0 	 0 	 2 	 2 	 2 	 0 	0
20 	 0 	 0 	 2 	 2 	 2 	 0 	0
21 	 0 	 0 	 2 	 2 	 2 	 0 	0
22 	 0 	 0 	 2 	 2 	 1 	 0 	1
23 	 0 	 0 	 1 	 1 	 1 	 0 	0
24 	 0 	 0 	 1 	 1 	 1 	 0 	0
25 	 0 	 0 	 1 	 1 	 1 	 0 	0
26 	 0 	 0 	 1 	 1 	 1 	 0 	0
27 	 0 	 0 	 1 	 1 	 1 	 0 	0
28 	 0 	 0 	 1 	 1 	 1 	 0 	0
29 	 0 	 0 	 1 	 1 	 1 	 0 	0
30 	 0 	 0 	 1 	 1 	 1 	 0 	0
31 	 0 	 0 	 1 	 1 	 1 	 0 	0
32 	 0 	 0 	 1 	 1 	 1 	 0 	0
33 	 0 	 0 	 1 	 1 	 1 	 0 	0
34 	 0 	 0 	 1 	 1 	 1 	 0 	0
35 	 0 	 0 	 1 	 1 	 1 	 0 	0
36 	 0 	 0 	 1 	 1 	 1 	 0 	0
37 	 0 	 0 	 1 	 1 	 1 	 0 	0
38 	 0 	 0 	 1 	 1 	 1 	 0 	0
39 	 0 	 0 	 1 	 1 	 1 	 0 	0
40 	 0 	 0 	 1 	 1 	 1 	 0 	0
41 	 0 	 0 	 1 	 1 	 1 	 0 	0
42 	 0 	 0 	 1 	 1 	 1 	 0 	0
43 	 0 	 0 	 1 	 1 	 1 	 0 	0
44 	 0 	 0 	 1 	 1 	 1 	 0 	0
45 	 0 	 0 	 1 	 1 	 1 	 0 	0
46 	 0 	 0 	 1 	 1 	 1 	 0 	0
47 	 0 	 0 	 1 	 1 	 1 	 0 	0
48 	 0 	 0 	 1 	 1 	 1 	 0 	0
49 	 0 	 0 	 1 	 1 	 1 	 0 	0
50 	 0 	 0 	 1 	 1 	 1 	 0 	0
51 	 0 	 0 	 1 	 1 	 1 	 0 	0
52 	 0 	 0 	 1 	 1 	 0 	 0 	1
53 	 0 	 0 	 0 	 0 	 0 	 0 	0
54 	 0 	 0 	 0 	 0 	 0 	 0 	0
55 	 0 	 0 	 0 	 0 	 0 	 0 	0
56 	 0 	 0 	 0 	 0 	 0 	 0 	0
57 	 0 	 0 	 0 	 0 	 0 	 0 	0
58 	 0 	 0 	 0 	 0 	 0 	 0 	0
59 	 0 	 0 	 0 	 0 	 0 	 0 	0
60 	 0 	 0 	 0 	 0 	 0 	 0 	0
61 	 0 	 0 	 0 	 0 	 0 	 0 	0
62 	 0 	 0 	 0 	 0 	 0 	 0 	0
63 	 0 	 0 	 0 	 0 	 0 	 0 	0
64 	 0 	 0 	 0 	 0 	 0 	 0 	0
65 	 0 	 0 	 0 	 0 	 0 	 0 	0
66 	 0 	 0 	 0 	 0 	 0 	 0 	0
67 	 0 	 0 	 0 	 0 	 0 	 0 	0
68 	 0 	 0 	 0 	 0 	 0 	 0 	0
69 	 0 	 0 	 0 	 0 	 0 	 0 	0
70 	 0 	 0 	 0 	 0 	 0 	 0 	0
71 	 0 	 0 	 0 	 0 	 0 	 0 	0
72 	 0 	 0 	 0 	 0 	 0 	 0 	0
73 	 0 	 0 	 0 	 0 	 0 	 0 	0
74 	 0 	 0 	 0 	 0 	 0 	 0 	0
75 	 0 	 0 	 0 	 0 	 0 	 0 	0
76 	 0 	 0 	 0 	 0 	 0 	 0 	0
77 	 0 	 0 	 0 	 0 	 0 	 0 	0
78 	 0 	 0 	 0 	 0 	 0 	 0 	0
79 	 0 	 0 	 0 	 0 	 0 	 0 	0
80 	 0 	 0 	 0 	 0 	 0 	 0 	0
81 	 0 	 0 	 0 	 0 	 0 	 0 	0
82 	 0 	 0 	 0 	 0 	 0 	 0 	0
83 	 0 	 0 	 0 	 0 	 0 	 0 	0
84 	 0 	 0 	 0 	 0 	 0 	 0 	0
85 	 0 	 0 	 0 	 0 	 0 	 0 	0
86 	 0 	 0 	 0 	 0 	 0 	 0 	0
87 	 0 	 0 	 0 	 0 	 0 	 0 	0
88 	 0 	 0 	 0 	 0 	 0 	 0 	0
89 	 0 	 0 	 0 	 0 	 0 	 0 	0
90 	 0 	 0 	 0 	 0 	 0 	 0 	0
91 	 0 	 0 	 0 	 0 	 0 	 0 	0
92 	 0 	 0 	 0 	 0 	 0 	 0 	0
93 	 0 	 0 	 0 	 0 	 0 	 0 	0
94 	 0 	 0 	 0 	 0 	 0 	 0 	0
95 	 0 	 0 	 0 	 0 	 0 	 0 	0
96 	 0 	 0 	 0 	 0 	 0 	 0 	0
97 	 0 	 0 	 0 	 0 	 0 	 0 	0
98 	 0 	 0 	 0 	 0 	 0 	 0 	0
99 	 0 	 0 	 0 	 0 	 0 	 0 	0

Current time: 19.0
49	 0 	19.0 	 19.005173456467364 	 0.005173456467364446 	  sensor_0 -> rsu_0 -> sensor_0 -> Success
51	 0 	19.0 	 19.006869483211425 	 0.006869483211424665 	  sensor_1 -> rsu_0 -> sensor_1 -> Success
53	 0 	19.0 	 19.008643189962655 	 0.008643189962654674 	  sensor_2 -> rsu_0 -> sensor_2 -> Success
58	 0 	19.5 	 19.50121148061578 	 0.001211480615779692 	  sensor_2 -> sensor_3 -> sensor_4 -> sensor_5 -> gnb -> sensor_5 -> Success
52	 0 	18.5 	 19.502311635585826 	 1.0023116355858264 	  sensor_2 -> sensor_3 -> sensor_4 -> sensor_4 -> gnb -> sensor_4 -> Success
54	 0 	19.5 	 19.503288339965632 	 0.0032883399656320478 	  sensor_0 -> rsu_0 -> sensor_0 -> Success
56	 0 	19.5 	 19.503468585176496 	 0.003468585176495509 	  sensor_1 -> rsu_0 -> sensor_1 -> Success
0 	 30 	 0 	 33 	 3 	 5 	 28 	0
1 	 20 	 0 	 27 	 7 	 9 	 18 	0
2 	 10 	 0 	 16 	 6 	 10 	 5 	1
3 	 0 	 0 	 8 	 8 	 6 	 0 	2
4 	 0 	 0 	 6 	 6 	 4 	 0 	2
5 	 0 	 0 	 4 	 4 	 3 	 0 	1
6 	 0 	 0 	 3 	 3 	 3 	 0 	0
7 	 0 	 0 	 3 	 3 	 3 	 0 	0
8 	 0 	 0 	 3 	 3 	 3 	 0 	0
9 	 0 	 0 	 3 	 3 	 3 	 0 	0
10 	 0 	 0 	 3 	 3 	 3 	 0 	0
11 	 0 	 0 	 3 	 3 	 2 	 0 	1
12 	 0 	 0 	 2 	 2 	 2 	 0 	0
13 	 0 	 0 	 2 	 2 	 2 	 0 	0
14 	 0 	 0 	 2 	 2 	 2 	 0 	0
15 	 0 	 0 	 2 	 2 	 2 	 0 	0
16 	 0 	 0 	 2 	 2 	 2 	 0 	0
17 	 0 	 0 	 2 	 2 	 2 	 0 	0
18 	 0 	 0 	 2 	 2 	 2 	 0 	0
19 	 0 	 0 	 2 	 2 	 2 	 0 	0
20 	 0 	 0 	 2 	 2 	 2 	 0 	0
21 	 0 	 0 	 2 	 2 	 2 	 0 	0
22 	 0 	 0 	 2 	 2 	 1 	 0 	1
23 	 0 	 0 	 1 	 1 	 1 	 0 	0
24 	 0 	 0 	 1 	 1 	 1 	 0 	0
25 	 0 	 0 	 1 	 1 	 1 	 0 	0
26 	 0 	 0 	 1 	 1 	 1 	 0 	0
27 	 0 	 0 	 1 	 1 	 1 	 0 	0
28 	 0 	 0 	 1 	 1 	 1 	 0 	0
29 	 0 	 0 	 1 	 1 	 1 	 0 	0
30 	 0 	 0 	 1 	 1 	 1 	 0 	0
31 	 0 	 0 	 1 	 1 	 1 	 0 	0
32 	 0 	 0 	 1 	 1 	 1 	 0 	0
33 	 0 	 0 	 1 	 1 	 1 	 0 	0
34 	 0 	 0 	 1 	 1 	 1 	 0 	0
35 	 0 	 0 	 1 	 1 	 1 	 0 	0
36 	 0 	 0 	 1 	 1 	 1 	 0 	0
37 	 0 	 0 	 1 	 1 	 1 	 0 	0
38 	 0 	 0 	 1 	 1 	 1 	 0 	0
39 	 0 	 0 	 1 	 1 	 1 	 0 	0
40 	 0 	 0 	 1 	 1 	 1 	 0 	0
41 	 0 	 0 	 1 	 1 	 1 	 0 	0
42 	 0 	 0 	 1 	 1 	 1 	 0 	0
43 	 0 	 0 	 1 	 1 	 1 	 0 	0
44 	 0 	 0 	 1 	 1 	 1 	 0 	0
45 	 0 	 0 	 1 	 1 	 1 	 0 	0
46 	 0 	 0 	 1 	 1 	 1 	 0 	0
47 	 0 	 0 	 1 	 1 	 1 	 0 	0
48 	 0 	 0 	 1 	 1 	 1 	 0 	0
49 	 0 	 0 	 1 	 1 	 1 	 0 	0
50 	 0 	 0 	 1 	 1 	 1 	 0 	0
51 	 0 	 0 	 1 	 1 	 1 	 0 	0
52 	 0 	 0 	 1 	 1 	 0 	 0 	1
53 	 0 	 0 	 0 	 0 	 0 	 0 	0
54 	 0 	 0 	 0 	 0 	 0 	 0 	0
55 	 0 	 0 	 0 	 0 	 0 	 0 	0
56 	 0 	 0 	 0 	 0 	 0 	 0 	0
57 	 0 	 0 	 0 	 0 	 0 	 0 	0
58 	 0 	 0 	 0 	 0 	 0 	 0 	0
59 	 0 	 0 	 0 	 0 	 0 	 0 	0
60 	 0 	 0 	 0 	 0 	 0 	 0 	0
61 	 0 	 0 	 0 	 0 	 0 	 0 	0
62 	 0 	 0 	 0 	 0 	 0 	 0 	0
63 	 0 	 0 	 0 	 0 	 0 	 0 	0
64 	 0 	 0 	 0 	 0 	 0 	 0 	0
65 	 0 	 0 	 0 	 0 	 0 	 0 	0
66 	 0 	 0 	 0 	 0 	 0 	 0 	0
67 	 0 	 0 	 0 	 0 	 0 	 0 	0
68 	 0 	 0 	 0 	 0 	 0 	 0 	0
69 	 0 	 0 	 0 	 0 	 0 	 0 	0
70 	 0 	 0 	 0 	 0 	 0 	 0 	0
71 	 0 	 0 	 0 	 0 	 0 	 0 	0
72 	 0 	 0 	 0 	 0 	 0 	 0 	0
73 	 0 	 0 	 0 	 0 	 0 	 0 	0
74 	 0 	 0 	 0 	 0 	 0 	 0 	0
75 	 0 	 0 	 0 	 0 	 0 	 0 	0
76 	 0 	 0 	 0 	 0 	 0 	 0 	0
77 	 0 	 0 	 0 	 0 	 0 	 0 	0
78 	 0 	 0 	 0 	 0 	 0 	 0 	0
79 	 0 	 0 	 0 	 0 	 0 	 0 	0
80 	 0 	 0 	 0 	 0 	 0 	 0 	0
81 	 0 	 0 	 0 	 0 	 0 	 0 	0
82 	 0 	 0 	 0 	 0 	 0 	 0 	0
83 	 0 	 0 	 0 	 0 	 0 	 0 	0
84 	 0 	 0 	 0 	 0 	 0 	 0 	0
85 	 0 	 0 	 0 	 0 	 0 	 0 	0
86 	 0 	 0 	 0 	 0 	 0 	 0 	0
87 	 0 	 0 	 0 	 0 	 0 	 0 	0
88 	 0 	 0 	 0 	 0 	 0 	 0 	0
89 	 0 	 0 	 0 	 0 	 0 	 0 	0
90 	 0 	 0 	 0 	 0 	 0 	 0 	0
91 	 0 	 0 	 0 	 0 	 0 	 0 	0
92 	 0 	 0 	 0 	 0 	 0 	 0 	0
93 	 0 	 0 	 0 	 0 	 0 	 0 	0
94 	 0 	 0 	 0 	 0 	 0 	 0 	0
95 	 0 	 0 	 0 	 0 	 0 	 0 	0
96 	 0 	 0 	 0 	 0 	 0 	 0 	0
97 	 0 	 0 	 0 	 0 	 0 	 0 	0
98 	 0 	 0 	 0 	 0 	 0 	 0 	0
99 	 0 	 0 	 0 	 0 	 0 	 0 	0

Current time: 20.0
55	 0 	20.0 	 20.000570908189836 	 0.0005709081898359614 	  sensor_0 -> rsu_0 -> sensor_0 -> Success
57	 0 	20.0 	 20.0006834102735 	 0.0006834102734991632 	  sensor_1 -> rsu_0 -> sensor_1 -> Success
59	 0 	20.0 	 20.001399424320557 	 0.0013994243205566193 	  sensor_2 -> rsu_0 -> sensor_2 -> Success
60	 0 	20.5 	 20.5010969680853 	 0.0010969680852994657 	  sensor_0 -> rsu_0 -> sensor_0 -> Success
62	 0 	20.5 	 20.50232791858258 	 0.0023279185825799686 	  sensor_1 -> rsu_0 -> sensor_1 -> Success
64	 0 	20.5 	 20.50386363936815 	 0.003863639368148597 	  sensor_2 -> rsu_0 -> sensor_2 -> Success
0 	 32 	 0 	 35 	 3 	 5 	 30 	0
1 	 22 	 0 	 29 	 7 	 9 	 20 	0
2 	 12 	 1 	 18 	 7 	 10 	 7 	1
3 	 2 	 0 	 10 	 8 	 8 	 0 	2
4 	 0 	 0 	 7 	 7 	 5 	 0 	2
5 	 0 	 1 	 4 	 5 	 3 	 0 	1
6 	 0 	 0 	 3 	 3 	 3 	 0 	0
7 	 0 	 0 	 3 	 3 	 3 	 0 	0
8 	 0 	 0 	 3 	 3 	 3 	 0 	0
9 	 0 	 0 	 3 	 3 	 3 	 0 	0
10 	 0 	 0 	 3 	 3 	 3 	 0 	0
11 	 0 	 0 	 3 	 3 	 2 	 0 	1
12 	 0 	 0 	 2 	 2 	 2 	 0 	0
13 	 0 	 0 	 2 	 2 	 2 	 0 	0
14 	 0 	 0 	 2 	 2 	 2 	 0 	0
15 	 0 	 0 	 2 	 2 	 2 	 0 	0
16 	 0 	 0 	 2 	 2 	 2 	 0 	0
17 	 0 	 0 	 2 	 2 	 2 	 0 	0
18 	 0 	 0 	 2 	 2 	 2 	 0 	0
19 	 0 	 0 	 2 	 2 	 2 	 0 	0
20 	 0 	 0 	 2 	 2 	 2 	 0 	0
21 	 0 	 0 	 2 	 2 	 2 	 0 	0
22 	 0 	 0 	 2 	 2 	 1 	 0 	1
23 	 0 	 0 	 1 	 1 	 1 	 0 	0
24 	 0 	 0 	 1 	 1 	 1 	 0 	0
25 	 0 	 0 	 1 	 1 	 1 	 0 	0
26 	 0 	 0 	 1 	 1 	 1 	 0 	0
27 	 0 	 0 	 1 	 1 	 1 	 0 	0
28 	 0 	 0 	 1 	 1 	 1 	 0 	0
29 	 0 	 0 	 1 	 1 	 1 	 0 	0
30 	 0 	 0 	 1 	 1 	 1 	 0 	0
31 	 0 	 0 	 1 	 1 	 1 	 0 	0
32 	 0 	 0 	 1 	 1 	 1 	 0 	0
33 	 0 	 0 	 1 	 1 	 1 	 0 	0
34 	 0 	 0 	 1 	 1 	 1 	 0 	0
35 	 0 	 0 	 1 	 1 	 1 	 0 	0
36 	 0 	 0 	 1 	 1 	 1 	 0 	0
37 	 0 	 0 	 1 	 1 	 1 	 0 	0
38 	 0 	 0 	 1 	 1 	 1 	 0 	0
39 	 0 	 0 	 1 	 1 	 1 	 0 	0
40 	 0 	 0 	 1 	 1 	 1 	 0 	0
41 	 0 	 0 	 1 	 1 	 1 	 0 	0
42 	 0 	 0 	 1 	 1 	 1 	 0 	0
43 	 0 	 0 	 1 	 1 	 1 	 0 	0
44 	 0 	 0 	 1 	 1 	 1 	 0 	0
45 	 0 	 0 	 1 	 1 	 1 	 0 	0
46 	 0 	 0 	 1 	 1 	 1 	 0 	0
47 	 0 	 0 	 1 	 1 	 1 	 0 	0
48 	 0 	 0 	 1 	 1 	 1 	 0 	0
49 	 0 	 0 	 1 	 1 	 1 	 0 	0
50 	 0 	 0 	 1 	 1 	 1 	 0 	0
51 	 0 	 0 	 1 	 1 	 1 	 0 	0
52 	 0 	 0 	 1 	 1 	 0 	 0 	1
53 	 0 	 0 	 0 	 0 	 0 	 0 	0
54 	 0 	 0 	 0 	 0 	 0 	 0 	0
55 	 0 	 0 	 0 	 0 	 0 	 0 	0
56 	 0 	 0 	 0 	 0 	 0 	 0 	0
57 	 0 	 0 	 0 	 0 	 0 	 0 	0
58 	 0 	 0 	 0 	 0 	 0 	 0 	0
59 	 0 	 0 	 0 	 0 	 0 	 0 	0
60 	 0 	 0 	 0 	 0 	 0 	 0 	0
61 	 0 	 0 	 0 	 0 	 0 	 0 	0
62 	 0 	 0 	 0 	 0 	 0 	 0 	0
63 	 0 	 0 	 0 	 0 	 0 	 0 	0
64 	 0 	 0 	 0 	 0 	 0 	 0 	0
65 	 0 	 0 	 0 	 0 	 0 	 0 	0
66 	 0 	 0 	 0 	 0 	 0 	 0 	0
67 	 0 	 0 	 0 	 0 	 0 	 0 	0
68 	 0 	 0 	 0 	 0 	 0 	 0 	0
69 	 0 	 0 	 0 	 0 	 0 	 0 	0
70 	 0 	 0 	 0 	 0 	 0 	 0 	0
71 	 0 	 0 	 0 	 0 	 0 	 0 	0
72 	 0 	 0 	 0 	 0 	 0 	 0 	0
73 	 0 	 0 	 0 	 0 	 0 	 0 	0
74 	 0 	 0 	 0 	 0 	 0 	 0 	0
75 	 0 	 0 	 0 	 0 	 0 	 0 	0
76 	 0 	 0 	 0 	 0 	 0 	 0 	0
77 	 0 	 0 	 0 	 0 	 0 	 0 	0
78 	 0 	 0 	 0 	 0 	 0 	 0 	0
79 	 0 	 0 	 0 	 0 	 0 	 0 	0
80 	 0 	 0 	 0 	 0 	 0 	 0 	0
81 	 0 	 0 	 0 	 0 	 0 	 0 	0
82 	 0 	 0 	 0 	 0 	 0 	 0 	0
83 	 0 	 0 	 0 	 0 	 0 	 0 	0
84 	 0 	 0 	 0 	 0 	 0 	 0 	0
85 	 0 	 0 	 0 	 0 	 0 	 0 	0
86 	 0 	 0 	 0 	 0 	 0 	 0 	0
87 	 0 	 0 	 0 	 0 	 0 	 0 	0
88 	 0 	 0 	 0 	 0 	 0 	 0 	0
89 	 0 	 0 	 0 	 0 	 0 	 0 	0
90 	 0 	 0 	 0 	 0 	 0 	 0 	0
91 	 0 	 0 	 0 	 0 	 0 	 0 	0
92 	 0 	 0 	 0 	 0 	 0 	 0 	0
93 	 0 	 0 	 0 	 0 	 0 	 0 	0
94 	 0 	 0 	 0 	 0 	 0 	 0 	0
95 	 0 	 0 	 0 	 0 	 0 	 0 	0
96 	 0 	 0 	 0 	 0 	 0 	 0 	0
97 	 0 	 0 	 0 	 0 	 0 	 0 	0
98 	 0 	 0 	 0 	 0 	 0 	 0 	0
99 	 0 	 0 	 0 	 0 	 0 	 0 	0

Current time: 21.0
61	 0 	21.0 	 21.0040302205132 	 0.0040302205132007884 	  sensor_0 -> rsu_0 -> sensor_0 -> Success
63	 0 	21.0 	 21.005846514855733 	 0.005846514855733176 	  sensor_1 -> rsu_0 -> sensor_1 -> Success
65	 0 	21.0 	 21.006683667294897 	 0.006683667294897333 	  sensor_2 -> rsu_0 -> sensor_2 -> Success
67	 0 	21.0 	 21.008256474793566 	 0.008256474793565616 	  sensor_3 -> sensor_2 -> rsu_0 -> sensor_2 -> Success
74	 0 	21.5 	 21.50296065201186 	 0.0029606520118612423 	  sensor_3 -> sensor_4 -> sensor_5 -> sensor_6 -> gnb -> sensor_6 -> Success
68	 0 	21.5 	 21.50081777161191 	 0.0008177716119099898 	  sensor_0 -> rsu_0 -> sensor_0 -> Success
66	 0 	20.5 	 21.50145004240568 	 1.0014500424056791 	  sensor_3 -> sensor_4 -> sensor_5 -> sensor_5 -> gnb -> sensor_5 -> Success
72	 0 	21.5 	 21.5014349043229 	 0.0014349043228989444 	  sensor_2 -> rsu_0 -> sensor_2 -> Success
70	 0 	21.5 	 21.50224358962955 	 0.002243589629550513 	  sensor_1 -> rsu_0 -> sensor_1 -> Success
0 	 34 	 0 	 37 	 3 	 5 	 32 	0
1 	 24 	 0 	 31 	 7 	 9 	 22 	0
2 	 14 	 0 	 21 	 7 	 10 	 10 	1
3 	 4 	 0 	 12 	 8 	 9 	 1 	2
4 	 0 	 0 	 8 	 8 	 6 	 0 	2
5 	 0 	 0 	 6 	 6 	 4 	 0 	2
6 	 0 	 0 	 4 	 4 	 3 	 0 	1
7 	 0 	 0 	 3 	 3 	 3 	 0 	0
8 	 0 	 0 	 3 	 3 	 3 	 0 	0
9 	 0 	 0 	 3 	 3 	 3 	 0 	0
10 	 0 	 0 	 3 	 3 	 3 	 0 	0
11 	 0 	 0 	 3 	 3 	 2 	 0 	1
12 	 0 	 0 	 2 	 2 	 2 	 0 	0
13 	 0 	 0 	 2 	 2 	 2 	 0 	0
14 	 0 	 0 	 2 	 2 	 2 	 0 	0
15 	 0 	 0 	 2 	 2 	 2 	 0 	0
16 	 0 	 0 	 2 	 2 	 2 	 0 	0
17 	 0 	 0 	 2 	 2 	 2 	 0 	0
18 	 0 	 0 	 2 	 2 	 2 	 0 	0
19 	 0 	 0 	 2 	 2 	 2 	 0 	0
20 	 0 	 0 	 2 	 2 	 2 	 0 	0
21 	 0 	 0 	 2 	 2 	 2 	 0 	0
22 	 0 	 0 	 2 	 2 	 1 	 0 	1
23 	 0 	 0 	 1 	 1 	 1 	 0 	0
24 	 0 	 0 	 1 	 1 	 1 	 0 	0
25 	 0 	 0 	 1 	 1 	 1 	 0 	0
26 	 0 	 0 	 1 	 1 	 1 	 0 	0
27 	 0 	 0 	 1 	 1 	 1 	 0 	0
28 	 0 	 0 	 1 	 1 	 1 	 0 	0
29 	 0 	 0 	 1 	 1 	 1 	 0 	0
30 	 0 	 0 	 1 	 1 	 1 	 0 	0
31 	 0 	 0 	 1 	 1 	 1 	 0 	0
32 	 0 	 0 	 1 	 1 	 1 	 0 	0
33 	 0 	 0 	 1 	 1 	 1 	 0 	0
34 	 0 	 0 	 1 	 1 	 1 	 0 	0
35 	 0 	 0 	 1 	 1 	 1 	 0 	0
36 	 0 	 0 	 1 	 1 	 1 	 0 	0
37 	 0 	 0 	 1 	 1 	 1 	 0 	0
38 	 0 	 0 	 1 	 1 	 1 	 0 	0
39 	 0 	 0 	 1 	 1 	 1 	 0 	0
40 	 0 	 0 	 1 	 1 	 1 	 0 	0
41 	 0 	 0 	 1 	 1 	 1 	 0 	0
42 	 0 	 0 	 1 	 1 	 1 	 0 	0
43 	 0 	 0 	 1 	 1 	 1 	 0 	0
44 	 0 	 0 	 1 	 1 	 1 	 0 	0
45 	 0 	 0 	 1 	 1 	 1 	 0 	0
46 	 0 	 0 	 1 	 1 	 1 	 0 	0
47 	 0 	 0 	 1 	 1 	 1 	 0 	0
48 	 0 	 0 	 1 	 1 	 1 	 0 	0
49 	 0 	 0 	 1 	 1 	 1 	 0 	0
50 	 0 	 0 	 1 	 1 	 1 	 0 	0
51 	 0 	 0 	 1 	 1 	 1 	 0 	0
52 	 0 	 0 	 1 	 1 	 0 	 0 	1
53 	 0 	 0 	 0 	 0 	 0 	 0 	0
54 	 0 	 0 	 0 	 0 	 0 	 0 	0
55 	 0 	 0 	 0 	 0 	 0 	 0 	0
56 	 0 	 0 	 0 	 0 	 0 	 0 	0
57 	 0 	 0 	 0 	 0 	 0 	 0 	0
58 	 0 	 0 	 0 	 0 	 0 	 0 	0
59 	 0 	 0 	 0 	 0 	 0 	 0 	0
60 	 0 	 0 	 0 	 0 	 0 	 0 	0
61 	 0 	 0 	 0 	 0 	 0 	 0 	0
62 	 0 	 0 	 0 	 0 	 0 	 0 	0
63 	 0 	 0 	 0 	 0 	 0 	 0 	0
64 	 0 	 0 	 0 	 0 	 0 	 0 	0
65 	 0 	 0 	 0 	 0 	 0 	 0 	0
66 	 0 	 0 	 0 	 0 	 0 	 0 	0
67 	 0 	 0 	 0 	 0 	 0 	 0 	0
68 	 0 	 0 	 0 	 0 	 0 	 0 	0
69 	 0 	 0 	 0 	 0 	 0 	 0 	0
70 	 0 	 0 	 0 	 0 	 0 	 0 	0
71 	 0 	 0 	 0 	 0 	 0 	 0 	0
72 	 0 	 0 	 0 	 0 	 0 	 0 	0
73 	 0 	 0 	 0 	 0 	 0 	 0 	0
74 	 0 	 0 	 0 	 0 	 0 	 0 	0
75 	 0 	 0 	 0 	 0 	 0 	 0 	0
76 	 0 	 0 	 0 	 0 	 0 	 0 	0
77 	 0 	 0 	 0 	 0 	 0 	 0 	0
78 	 0 	 0 	 0 	 0 	 0 	 0 	0
79 	 0 	 0 	 0 	 0 	 0 	 0 	0
80 	 0 	 0 	 0 	 0 	 0 	 0 	0
81 	 0 	 0 	 0 	 0 	 0 	 0 	0
82 	 0 	 0 	 0 	 0 	 0 	 0 	0
83 	 0 	 0 	 0 	 0 	 0 	 0 	0
84 	 0 	 0 	 0 	 0 	 0 	 0 	0
85 	 0 	 0 	 0 	 0 	 0 	 0 	0
86 	 0 	 0 	 0 	 0 	 0 	 0 	0
87 	 0 	 0 	 0 	 0 	 0 	 0 	0
88 	 0 	 0 	 0 	 0 	 0 	 0 	0
89 	 0 	 0 	 0 	 0 	 0 	 0 	0
90 	 0 	 0 	 0 	 0 	 0 	 0 	0
91 	 0 	 0 	 0 	 0 	 0 	 0 	0
92 	 0 	 0 	 0 	 0 	 0 	 0 	0
93 	 0 	 0 	 0 	 0 	 0 	 0 	0
94 	 0 	 0 	 0 	 0 	 0 	 0 	0
95 	 0 	 0 	 0 	 0 	 0 	 0 	0
96 	 0 	 0 	 0 	 0 	 0 	 0 	0
97 	 0 	 0 	 0 	 0 	 0 	 0 	0
98 	 0 	 0 	 0 	 0 	 0 	 0 	0
99 	 0 	 0 	 0 	 0 	 0 	 0 	0

Current time: 22.0
69	 0 	22.0 	 22.000508626860924 	 0.0005086268609240108 	  sensor_0 -> rsu_0 -> sensor_0 -> Success
71	 0 	22.0 	 22.001191781837633 	 0.0011917818376332434 	  sensor_1 -> rsu_0 -> sensor_1 -> Success
73	 0 	22.0 	 22.001983707531192 	 0.001983707531191925 	  sensor_2 -> rsu_0 -> sensor_2 -> Success
75	 0 	22.0 	 22.002530719541586 	 0.0025307195415855688 	  sensor_3 -> rsu_0 -> sensor_3 -> Success
76	 0 	22.5 	 22.50136156509725 	 0.001361565097248274 	  sensor_0 -> rsu_0 -> sensor_0 -> Success
78	 0 	22.5 	 22.50152236985895 	 0.0015223698589501566 	  sensor_1 -> rsu_0 -> sensor_1 -> Success
80	 0 	22.5 	 22.502637694001155 	 0.002637694001155211 	  sensor_2 -> rsu_0 -> sensor_2 -> Success
0 	 36 	 0 	 39 	 3 	 5 	 34 	0
1 	 26 	 0 	 33 	 7 	 9 	 24 	0
2 	 16 	 0 	 23 	 7 	 10 	 12 	1
3 	 6 	 0 	 14 	 8 	 10 	 2 	2
4 	 0 	 1 	 8 	 9 	 6 	 0 	2
5 	 0 	 0 	 6 	 6 	 4 	 0 	2
6 	 0 	 0 	 4 	 4 	 3 	 0 	1
7 	 0 	 0 	 3 	 3 	 3 	 0 	0
8 	 0 	 0 	 3 	 3 	 3 	 0 	0
9 	 0 	 0 	 3 	 3 	 3 	 0 	0
10 	 0 	 0 	 3 	 3 	 3 	 0 	0
11 	 0 	 0 	 3 	 3 	 2 	 0 	1
12 	 0 	 0 	 2 	 2 	 2 	 0 	0
13 	 0 	 0 	 2 	 2 	 2 	 0 	0
14 	 0 	 0 	 2 	 2 	 2 	 0 	0
15 	 0 	 0 	 2 	 2 	 2 	 0 	0
16 	 0 	 0 	 2 	 2 	 2 	 0 	0
17 	 0 	 0 	 2 	 2 	 2 	 0 	0
18 	 0 	 0 	 2 	 2 	 2 	 0 	0
19 	 0 	 0 	 2 	 2 	 2 	 0 	0
20 	 0 	 0 	 2 	 2 	 2 	 0 	0
21 	 0 	 0 	 2 	 2 	 2 	 0 	0
22 	 0 	 0 	 2 	 2 	 1 	 0 	1
23 	 0 	 0 	 1 	 1 	 1 	 0 	0
24 	 0 	 0 	 1 	 1 	 1 	 0 	0
25 	 0 	 0 	 1 	 1 	 1 	 0 	0
26 	 0 	 0 	 1 	 1 	 1 	 0 	0
27 	 0 	 0 	 1 	 1 	 1 	 0 	0
28 	 0 	 0 	 1 	 1 	 1 	 0 	0
29 	 0 	 0 	 1 	 1 	 1 	 0 	0
30 	 0 	 0 	 1 	 1 	 1 	 0 	0
31 	 0 	 0 	 1 	 1 	 1 	 0 	0
32 	 0 	 0 	 1 	 1 	 1 	 0 	0
33 	 0 	 0 	 1 	 1 	 1 	 0 	0
34 	 0 	 0 	 1 	 1 	 1 	 0 	0
35 	 0 	 0 	 1 	 1 	 1 	 0 	0
36 	 0 	 0 	 1 	 1 	 1 	 0 	0
37 	 0 	 0 	 1 	 1 	 1 	 0 	0
38 	 0 	 0 	 1 	 1 	 1 	 0 	0
39 	 0 	 0 	 1 	 1 	 1 	 0 	0
40 	 0 	 0 	 1 	 1 	 1 	 0 	0
41 	 0 	 0 	 1 	 1 	 1 	 0 	0
42 	 0 	 0 	 1 	 1 	 1 	 0 	0
43 	 0 	 0 	 1 	 1 	 1 	 0 	0
44 	 0 	 0 	 1 	 1 	 1 	 0 	0
45 	 0 	 0 	 1 	 1 	 1 	 0 	0
46 	 0 	 0 	 1 	 1 	 1 	 0 	0
47 	 0 	 0 	 1 	 1 	 1 	 0 	0
48 	 0 	 0 	 1 	 1 	 1 	 0 	0
49 	 0 	 0 	 1 	 1 	 1 	 0 	0
50 	 0 	 0 	 1 	 1 	 1 	 0 	0
51 	 0 	 0 	 1 	 1 	 1 	 0 	0
52 	 0 	 0 	 1 	 1 	 0 	 0 	1
53 	 0 	 0 	 0 	 0 	 0 	 0 	0
54 	 0 	 0 	 0 	 0 	 0 	 0 	0
55 	 0 	 0 	 0 	 0 	 0 	 0 	0
56 	 0 	 0 	 0 	 0 	 0 	 0 	0
57 	 0 	 0 	 0 	 0 	 0 	 0 	0
58 	 0 	 0 	 0 	 0 	 0 	 0 	0
59 	 0 	 0 	 0 	 0 	 0 	 0 	0
60 	 0 	 0 	 0 	 0 	 0 	 0 	0
61 	 0 	 0 	 0 	 0 	 0 	 0 	0
62 	 0 	 0 	 0 	 0 	 0 	 0 	0
63 	 0 	 0 	 0 	 0 	 0 	 0 	0
64 	 0 	 0 	 0 	 0 	 0 	 0 	0
65 	 0 	 0 	 0 	 0 	 0 	 0 	0
66 	 0 	 0 	 0 	 0 	 0 	 0 	0
67 	 0 	 0 	 0 	 0 	 0 	 0 	0
68 	 0 	 0 	 0 	 0 	 0 	 0 	0
69 	 0 	 0 	 0 	 0 	 0 	 0 	0
70 	 0 	 0 	 0 	 0 	 0 	 0 	0
71 	 0 	 0 	 0 	 0 	 0 	 0 	0
72 	 0 	 0 	 0 	 0 	 0 	 0 	0
73 	 0 	 0 	 0 	 0 	 0 	 0 	0
74 	 0 	 0 	 0 	 0 	 0 	 0 	0
75 	 0 	 0 	 0 	 0 	 0 	 0 	0
76 	 0 	 0 	 0 	 0 	 0 	 0 	0
77 	 0 	 0 	 0 	 0 	 0 	 0 	0
78 	 0 	 0 	 0 	 0 	 0 	 0 	0
79 	 0 	 0 	 0 	 0 	 0 	 0 	0
80 	 0 	 0 	 0 	 0 	 0 	 0 	0
81 	 0 	 0 	 0 	 0 	 0 	 0 	0
82 	 0 	 0 	 0 	 0 	 0 	 0 	0
83 	 0 	 0 	 0 	 0 	 0 	 0 	0
84 	 0 	 0 	 0 	 0 	 0 	 0 	0
85 	 0 	 0 	 0 	 0 	 0 	 0 	0
86 	 0 	 0 	 0 	 0 	 0 	 0 	0
87 	 0 	 0 	 0 	 0 	 0 	 0 	0
88 	 0 	 0 	 0 	 0 	 0 	 0 	0
89 	 0 	 0 	 0 	 0 	 0 	 0 	0
90 	 0 	 0 	 0 	 0 	 0 	 0 	0
91 	 0 	 0 	 0 	 0 	 0 	 0 	0
92 	 0 	 0 	 0 	 0 	 0 	 0 	0
93 	 0 	 0 	 0 	 0 	 0 	 0 	0
94 	 0 	 0 	 0 	 0 	 0 	 0 	0
95 	 0 	 0 	 0 	 0 	 0 	 0 	0
96 	 0 	 0 	 0 	 0 	 0 	 0 	0
97 	 0 	 0 	 0 	 0 	 0 	 0 	0
98 	 0 	 0 	 0 	 0 	 0 	 0 	0
99 	 0 	 0 	 0 	 0 	 0 	 0 	0

Current time: 23.0
77	 0 	23.0 	 23.00068754595159 	 0.0006875459515889304 	  sensor_0 -> rsu_0 -> sensor_0 -> Success
79	 0 	23.0 	 23.001653155792447 	 0.0016531557924466256 	  sensor_1 -> rsu_0 -> sensor_1 -> Success
83	 0 	23.0 	 23.00184477576153 	 0.00184477576152986 	  sensor_3 -> rsu_0 -> sensor_3 -> Success
81	 0 	23.0 	 23.00196776693115 	 0.001967766931148418 	  sensor_2 -> rsu_0 -> sensor_2 -> Success
84	 0 	23.5 	 23.501494560588693 	 0.0014945605886929059 	  sensor_0 -> rsu_0 -> sensor_0 -> Success
88	 0 	23.5 	 23.501799215476183 	 0.0017992154761827805 	  sensor_2 -> rsu_0 -> sensor_2 -> Success
86	 0 	23.5 	 23.50236374569071 	 0.0023637456907117382 	  sensor_1 -> rsu_0 -> sensor_1 -> Success
90	 0 	23.5 	 23.502438379553254 	 0.0024383795532543218 	  sensor_3 -> sensor_2 -> rsu_0 -> sensor_2 -> Success
0 	 38 	 0 	 41 	 3 	 5 	 36 	0
1 	 28 	 0 	 35 	 7 	 9 	 26 	0
2 	 18 	 1 	 25 	 8 	 10 	 14 	1
3 	 8 	 0 	 16 	 8 	 11 	 3 	2
4 	 0 	 0 	 9 	 9 	 7 	 0 	2
5 	 0 	 1 	 6 	 7 	 4 	 0 	2
6 	 0 	 0 	 4 	 4 	 3 	 0 	1
7 	 0 	 0 	 3 	 3 	 3 	 0 	0
8 	 0 	 0 	 3 	 3 	 3 	 0 	0
9 	 0 	 0 	 3 	 3 	 3 	 0 	0
10 	 0 	 0 	 3 	 3 	 3 	 0 	0
11 	 0 	 0 	 3 	 3 	 2 	 0 	1
12 	 0 	 0 	 2 	 2 	 2 	 0 	0
13 	 0 	 0 	 2 	 2 	 2 	 0 	0
14 	 0 	 0 	 2 	 2 	 2 	 0 	0
15 	 0 	 0 	 2 	 2 	 2 	 0 	0
16 	 0 	 0 	 2 	 2 	 2 	 0 	0
17 	 0 	 0 	 2 	 2 	 2 	 0 	0
18 	 0 	 0 	 2 	 2 	 2 	 0 	0
19 	 0 	 0 	 2 	 2 	 2 	 0 	0
20 	 0 	 0 	 2 	 2 	 2 	 0 	0
21 	 0 	 0 	 2 	 2 	 2 	 0 	0
22 	 0 	 0 	 2 	 2 	 1 	 0 	1
23 	 0 	 0 	 1 	 1 	 1 	 0 	0
24 	 0 	 0 	 1 	 1 	 1 	 0 	0
25 	 0 	 0 	 1 	 1 	 1 	 0 	0
26 	 0 	 0 	 1 	 1 	 1 	 0 	0
27 	 0 	 0 	 1 	 1 	 1 	 0 	0
28 	 0 	 0 	 1 	 1 	 1 	 0 	0
29 	 0 	 0 	 1 	 1 	 1 	 0 	0
30 	 0 	 0 	 1 	 1 	 1 	 0 	0
31 	 0 	 0 	 1 	 1 	 1 	 0 	0
32 	 0 	 0 	 1 	 1 	 1 	 0 	0
33 	 0 	 0 	 1 	 1 	 1 	 0 	0
34 	 0 	 0 	 1 	 1 	 1 	 0 	0
35 	 0 	 0 	 1 	 1 	 1 	 0 	0
36 	 0 	 0 	 1 	 1 	 1 	 0 	0
37 	 0 	 0 	 1 	 1 	 1 	 0 	0
38 	 0 	 0 	 1 	 1 	 1 	 0 	0
39 	 0 	 0 	 1 	 1 	 1 	 0 	0
40 	 0 	 0 	 1 	 1 	 1 	 0 	0
41 	 0 	 0 	 1 	 1 	 1 	 0 	0
42 	 0 	 0 	 1 	 1 	 1 	 0 	0
43 	 0 	 0 	 1 	 1 	 1 	 0 	0
44 	 0 	 0 	 1 	 1 	 1 	 0 	0
45 	 0 	 0 	 1 	 1 	 1 	 0 	0
46 	 0 	 0 	 1 	 1 	 1 	 0 	0
47 	 0 	 0 	 1 	 1 	 1 	 0 	0
48 	 0 	 0 	 1 	 1 	 1 	 0 	0
49 	 0 	 0 	 1 	 1 	 1 	 0 	0
50 	 0 	 0 	 1 	 1 	 1 	 0 	0
51 	 0 	 0 	 1 	 1 	 1 	 0 	0
52 	 0 	 0 	 1 	 1 	 0 	 0 	1
53 	 0 	 0 	 0 	 0 	 0 	 0 	0
54 	 0 	 0 	 0 	 0 	 0 	 0 	0
55 	 0 	 0 	 0 	 0 	 0 	 0 	0
56 	 0 	 0 	 0 	 0 	 0 	 0 	0
57 	 0 	 0 	 0 	 0 	 0 	 0 	0
58 	 0 	 0 	 0 	 0 	 0 	 0 	0
59 	 0 	 0 	 0 	 0 	 0 	 0 	0
60 	 0 	 0 	 0 	 0 	 0 	 0 	0
61 	 0 	 0 	 0 	 0 	 0 	 0 	0
62 	 0 	 0 	 0 	 0 	 0 	 0 	0
63 	 0 	 0 	 0 	 0 	 0 	 0 	0
64 	 0 	 0 	 0 	 0 	 0 	 0 	0
65 	 0 	 0 	 0 	 0 	 0 	 0 	0
66 	 0 	 0 	 0 	 0 	 0 	 0 	0
67 	 0 	 0 	 0 	 0 	 0 	 0 	0
68 	 0 	 0 	 0 	 0 	 0 	 0 	0
69 	 0 	 0 	 0 	 0 	 0 	 0 	0
70 	 0 	 0 	 0 	 0 	 0 	 0 	0
71 	 0 	 0 	 0 	 0 	 0 	 0 	0
72 	 0 	 0 	 0 	 0 	 0 	 0 	0
73 	 0 	 0 	 0 	 0 	 0 	 0 	0
74 	 0 	 0 	 0 	 0 	 0 	 0 	0
75 	 0 	 0 	 0 	 0 	 0 	 0 	0
76 	 0 	 0 	 0 	 0 	 0 	 0 	0
77 	 0 	 0 	 0 	 0 	 0 	 0 	0
78 	 0 	 0 	 0 	 0 	 0 	 0 	0
79 	 0 	 0 	 0 	 0 	 0 	 0 	0
80 	 0 	 0 	 0 	 0 	 0 	 0 	0
81 	 0 	 0 	 0 	 0 	 0 	 0 	0
82 	 0 	 0 	 0 	 0 	 0 	 0 	0
83 	 0 	 0 	 0 	 0 	 0 	 0 	0
84 	 0 	 0 	 0 	 0 	 0 	 0 	0
85 	 0 	 0 	 0 	 0 	 0 	 0 	0
86 	 0 	 0 	 0 	 0 	 0 	 0 	0
87 	 0 	 0 	 0 	 0 	 0 	 0 	0
88 	 0 	 0 	 0 	 0 	 0 	 0 	0
89 	 0 	 0 	 0 	 0 	 0 	 0 	0
90 	 0 	 0 	 0 	 0 	 0 	 0 	0
91 	 0 	 0 	 0 	 0 	 0 	 0 	0
92 	 0 	 0 	 0 	 0 	 0 	 0 	0
93 	 0 	 0 	 0 	 0 	 0 	 0 	0
94 	 0 	 0 	 0 	 0 	 0 	 0 	0
95 	 0 	 0 	 0 	 0 	 0 	 0 	0
96 	 0 	 0 	 0 	 0 	 0 	 0 	0
97 	 0 	 0 	 0 	 0 	 0 	 0 	0
98 	 0 	 0 	 0 	 0 	 0 	 0 	0
99 	 0 	 0 	 0 	 0 	 0 	 0 	0

Current time: 24.0
85	 0 	24.0 	 24.000923366638265 	 0.0009233666382648664 	  sensor_0 -> rsu_0 -> sensor_0 -> Success
87	 0 	24.0 	 24.001056899913404 	 0.0010568999134044077 	  sensor_1 -> rsu_0 -> sensor_1 -> Success
91	 0 	24.0 	 24.00430951617278 	 0.004309516172778416 	  sensor_3 -> rsu_0 -> sensor_3 -> Success
92	 0 	24.5 	 24.500864492047626 	 0.0008644920476257312 	  sensor_0 -> rsu_0 -> sensor_0 -> Success
94	 0 	24.5 	 24.50102906122633 	 0.0010290612263297305 	  sensor_1 -> rsu_0 -> sensor_1 -> Success
82	 0 	22.5 	 24.504378726767005 	 2.004378726767005 	  sensor_3 -> sensor_4 -> sensor_4 -> sensor_5 -> sensor_5 -> sensor_6 -> sensor_7 -> gnb -> sensor_7 -> Success
96	 0 	24.5 	 24.503024380396422 	 0.003024380396421833 	  sensor_2 -> rsu_0 -> sensor_2 -> Success
98	 0 	24.5 	 24.50702237296378 	 0.00702237296378172 	  sensor_3 -> sensor_4 -> sensor_5 -> sensor_6 -> sensor_7 -> gnb -> sensor_7 -> Success
0 	 40 	 0 	 43 	 3 	 5 	 38 	0
1 	 30 	 2 	 37 	 9 	 9 	 28 	0
2 	 20 	 0 	 28 	 8 	 12 	 15 	1
3 	 10 	 0 	 18 	 8 	 12 	 3 	3
4 	 0 	 0 	 10 	 10 	 8 	 0 	2
5 	 0 	 0 	 8 	 8 	 6 	 0 	2
6 	 0 	 0 	 6 	 6 	 5 	 0 	1
7 	 0 	 0 	 5 	 5 	 3 	 0 	2
8 	 0 	 0 	 3 	 3 	 3 	 0 	0
9 	 0 	 0 	 3 	 3 	 3 	 0 	0
10 	 0 	 0 	 3 	 3 	 3 	 0 	0
11 	 0 	 0 	 3 	 3 	 2 	 0 	1
12 	 0 	 0 	 2 	 2 	 2 	 0 	0
13 	 0 	 0 	 2 	 2 	 2 	 0 	0
14 	 0 	 0 	 2 	 2 	 2 	 0 	0
15 	 0 	 0 	 2 	 2 	 2 	 0 	0
16 	 0 	 0 	 2 	 2 	 2 	 0 	0
17 	 0 	 0 	 2 	 2 	 2 	 0 	0
18 	 0 	 0 	 2 	 2 	 2 	 0 	0
19 	 0 	 0 	 2 	 2 	 2 	 0 	0
20 	 0 	 0 	 2 	 2 	 2 	 0 	0
21 	 0 	 0 	 2 	 2 	 2 	 0 	0
22 	 0 	 0 	 2 	 2 	 1 	 0 	1
23 	 0 	 0 	 1 	 1 	 1 	 0 	0
24 	 0 	 0 	 1 	 1 	 1 	 0 	0
25 	 0 	 0 	 1 	 1 	 1 	 0 	0
26 	 0 	 0 	 1 	 1 	 1 	 0 	0
27 	 0 	 0 	 1 	 1 	 1 	 0 	0
28 	 0 	 0 	 1 	 1 	 1 	 0 	0
29 	 0 	 0 	 1 	 1 	 1 	 0 	0
30 	 0 	 0 	 1 	 1 	 1 	 0 	0
31 	 0 	 0 	 1 	 1 	 1 	 0 	0
32 	 0 	 0 	 1 	 1 	 1 	 0 	0
33 	 0 	 0 	 1 	 1 	 1 	 0 	0
34 	 0 	 0 	 1 	 1 	 1 	 0 	0
35 	 0 	 0 	 1 	 1 	 1 	 0 	0
36 	 0 	 0 	 1 	 1 	 1 	 0 	0
37 	 0 	 0 	 1 	 1 	 1 	 0 	0
38 	 0 	 0 	 1 	 1 	 1 	 0 	0
39 	 0 	 0 	 1 	 1 	 1 	 0 	0
40 	 0 	 0 	 1 	 1 	 1 	 0 	0
41 	 0 	 0 	 1 	 1 	 1 	 0 	0
42 	 0 	 0 	 1 	 1 	 1 	 0 	0
43 	 0 	 0 	 1 	 1 	 1 	 0 	0
44 	 0 	 0 	 1 	 1 	 1 	 0 	0
45 	 0 	 0 	 1 	 1 	 1 	 0 	0
46 	 0 	 0 	 1 	 1 	 1 	 0 	0
47 	 0 	 0 	 1 	 1 	 1 	 0 	0
48 	 0 	 0 	 1 	 1 	 1 	 0 	0
49 	 0 	 0 	 1 	 1 	 1 	 0 	0
50 	 0 	 0 	 1 	 1 	 1 	 0 	0
51 	 0 	 0 	 1 	 1 	 1 	 0 	0
52 	 0 	 0 	 1 	 1 	 0 	 0 	1
53 	 0 	 0 	 0 	 0 	 0 	 0 	0
54 	 0 	 0 	 0 	 0 	 0 	 0 	0
55 	 0 	 0 	 0 	 0 	 0 	 0 	0
56 	 0 	 0 	 0 	 0 	 0 	 0 	0
57 	 0 	 0 	 0 	 0 	 0 	 0 	0
58 	 0 	 0 	 0 	 0 	 0 	 0 	0
59 	 0 	 0 	 0 	 0 	 0 	 0 	0
60 	 0 	 0 	 0 	 0 	 0 	 0 	0
61 	 0 	 0 	 0 	 0 	 0 	 0 	0
62 	 0 	 0 	 0 	 0 	 0 	 0 	0
63 	 0 	 0 	 0 	 0 	 0 	 0 	0
64 	 0 	 0 	 0 	 0 	 0 	 0 	0
65 	 0 	 0 	 0 	 0 	 0 	 0 	0
66 	 0 	 0 	 0 	 0 	 0 	 0 	0
67 	 0 	 0 	 0 	 0 	 0 	 0 	0
68 	 0 	 0 	 0 	 0 	 0 	 0 	0
69 	 0 	 0 	 0 	 0 	 0 	 0 	0
70 	 0 	 0 	 0 	 0 	 0 	 0 	0
71 	 0 	 0 	 0 	 0 	 0 	 0 	0
72 	 0 	 0 	 0 	 0 	 0 	 0 	0
73 	 0 	 0 	 0 	 0 	 0 	 0 	0
74 	 0 	 0 	 0 	 0 	 0 	 0 	0
75 	 0 	 0 	 0 	 0 	 0 	 0 	0
76 	 0 	 0 	 0 	 0 	 0 	 0 	0
77 	 0 	 0 	 0 	 0 	 0 	 0 	0
78 	 0 	 0 	 0 	 0 	 0 	 0 	0
79 	 0 	 0 	 0 	 0 	 0 	 0 	0
80 	 0 	 0 	 0 	 0 	 0 	 0 	0
81 	 0 	 0 	 0 	 0 	 0 	 0 	0
82 	 0 	 0 	 0 	 0 	 0 	 0 	0
83 	 0 	 0 	 0 	 0 	 0 	 0 	0
84 	 0 	 0 	 0 	 0 	 0 	 0 	0
85 	 0 	 0 	 0 	 0 	 0 	 0 	0
86 	 0 	 0 	 0 	 0 	 0 	 0 	0
87 	 0 	 0 	 0 	 0 	 0 	 0 	0
88 	 0 	 0 	 0 	 0 	 0 	 0 	0
89 	 0 	 0 	 0 	 0 	 0 	 0 	0
90 	 0 	 0 	 0 	 0 	 0 	 0 	0
91 	 0 	 0 	 0 	 0 	 0 	 0 	0
92 	 0 	 0 	 0 	 0 	 0 	 0 	0
93 	 0 	 0 	 0 	 0 	 0 	 0 	0
94 	 0 	 0 	 0 	 0 	 0 	 0 	0
95 	 0 	 0 	 0 	 0 	 0 	 0 	0
96 	 0 	 0 	 0 	 0 	 0 	 0 	0
97 	 0 	 0 	 0 	 0 	 0 	 0 	0
98 	 0 	 0 	 0 	 0 	 0 	 0 	0
99 	 0 	 0 	 0 	 0 	 0 	 0 	0

Current time: 25.0
99	 0 	25.0 	 25.001286811062013 	 0.0012868110620125606 	  sensor_3 -> gnb -> sensor_3 -> Success
93	 0 	25.0 	 25.002416165132182 	 0.002416165132181902 	  sensor_0 -> rsu_0 -> sensor_0 -> Success
95	 0 	25.0 	 25.003819838794783 	 0.0038198387947829815 	  sensor_1 -> rsu_0 -> sensor_1 -> Success
89	 0 	24.0 	 25.004808216606804 	 1.0048082166068042 	  sensor_2 -> sensor_2 -> sensor_1 -> rsu_0 -> sensor_1 -> Success
97	 0 	25.0 	 25.00553426854385 	 0.005534268543851084 	  sensor_2 -> sensor_1 -> rsu_0 -> sensor_1 -> Success
100	 0 	25.5 	 25.500327635928638 	 0.00032763592863815916 	  sensor_0 -> rsu_0 -> sensor_0 -> Success
102	 0 	25.5 	 25.502031137306975 	 0.002031137306975239 	  sensor_1 -> rsu_0 -> sensor_1 -> Success
104	 0 	25.5 	 25.503047822121946 	 0.0030478221219460977 	  sensor_2 -> rsu_0 -> sensor_2 -> Success
106	 0 	25.5 	 25.50465846676391 	 0.004658466763910241 	  sensor_3 -> rsu_0 -> sensor_3 -> Success
0 	 42 	 0 	 45 	 3 	 5 	 40 	0
1 	 32 	 0 	 41 	 9 	 9 	 32 	0
2 	 22 	 0 	 30 	 8 	 12 	 17 	1
3 	 12 	 1 	 20 	 9 	 12 	 5 	3
4 	 2 	 0 	 12 	 10 	 10 	 0 	2
5 	 0 	 1 	 8 	 9 	 6 	 0 	2
6 	 0 	 0 	 6 	 6 	 5 	 0 	1
7 	 0 	 0 	 5 	 5 	 3 	 0 	2
8 	 0 	 0 	 3 	 3 	 3 	 0 	0
9 	 0 	 0 	 3 	 3 	 3 	 0 	0
10 	 0 	 0 	 3 	 3 	 3 	 0 	0
11 	 0 	 0 	 3 	 3 	 2 	 0 	1
12 	 0 	 0 	 2 	 2 	 2 	 0 	0
13 	 0 	 0 	 2 	 2 	 2 	 0 	0
14 	 0 	 0 	 2 	 2 	 2 	 0 	0
15 	 0 	 0 	 2 	 2 	 2 	 0 	0
16 	 0 	 0 	 2 	 2 	 2 	 0 	0
17 	 0 	 0 	 2 	 2 	 2 	 0 	0
18 	 0 	 0 	 2 	 2 	 2 	 0 	0
19 	 0 	 0 	 2 	 2 	 2 	 0 	0
20 	 0 	 0 	 2 	 2 	 2 	 0 	0
21 	 0 	 0 	 2 	 2 	 2 	 0 	0
22 	 0 	 0 	 2 	 2 	 1 	 0 	1
23 	 0 	 0 	 1 	 1 	 1 	 0 	0
24 	 0 	 0 	 1 	 1 	 1 	 0 	0
25 	 0 	 0 	 1 	 1 	 1 	 0 	0
26 	 0 	 0 	 1 	 1 	 1 	 0 	0
27 	 0 	 0 	 1 	 1 	 1 	 0 	0
28 	 0 	 0 	 1 	 1 	 1 	 0 	0
29 	 0 	 0 	 1 	 1 	 1 	 0 	0
30 	 0 	 0 	 1 	 1 	 1 	 0 	0
31 	 0 	 0 	 1 	 1 	 1 	 0 	0
32 	 0 	 0 	 1 	 1 	 1 	 0 	0
33 	 0 	 0 	 1 	 1 	 1 	 0 	0
34 	 0 	 0 	 1 	 1 	 1 	 0 	0
35 	 0 	 0 	 1 	 1 	 1 	 0 	0
36 	 0 	 0 	 1 	 1 	 1 	 0 	0
37 	 0 	 0 	 1 	 1 	 1 	 0 	0
38 	 0 	 0 	 1 	 1 	 1 	 0 	0
39 	 0 	 0 	 1 	 1 	 1 	 0 	0
40 	 0 	 0 	 1 	 1 	 1 	 0 	0
41 	 0 	 0 	 1 	 1 	 1 	 0 	0
42 	 0 	 0 	 1 	 1 	 1 	 0 	0
43 	 0 	 0 	 1 	 1 	 1 	 0 	0
44 	 0 	 0 	 1 	 1 	 1 	 0 	0
45 	 0 	 0 	 1 	 1 	 1 	 0 	0
46 	 0 	 0 	 1 	 1 	 1 	 0 	0
47 	 0 	 0 	 1 	 1 	 1 	 0 	0
48 	 0 	 0 	 1 	 1 	 1 	 0 	0
49 	 0 	 0 	 1 	 1 	 1 	 0 	0
50 	 0 	 0 	 1 	 1 	 1 	 0 	0
51 	 0 	 0 	 1 	 1 	 1 	 0 	0
52 	 0 	 0 	 1 	 1 	 0 	 0 	1
53 	 0 	 0 	 0 	 0 	 0 	 0 	0
54 	 0 	 0 	 0 	 0 	 0 	 0 	0
55 	 0 	 0 	 0 	 0 	 0 	 0 	0
56 	 0 	 0 	 0 	 0 	 0 	 0 	0
57 	 0 	 0 	 0 	 0 	 0 	 0 	0
58 	 0 	 0 	 0 	 0 	 0 	 0 	0
59 	 0 	 0 	 0 	 0 	 0 	 0 	0
60 	 0 	 0 	 0 	 0 	 0 	 0 	0
61 	 0 	 0 	 0 	 0 	 0 	 0 	0
62 	 0 	 0 	 0 	 0 	 0 	 0 	0
63 	 0 	 0 	 0 	 0 	 0 	 0 	0
64 	 0 	 0 	 0 	 0 	 0 	 0 	0
65 	 0 	 0 	 0 	 0 	 0 	 0 	0
66 	 0 	 0 	 0 	 0 	 0 	 0 	0
67 	 0 	 0 	 0 	 0 	 0 	 0 	0
68 	 0 	 0 	 0 	 0 	 0 	 0 	0
69 	 0 	 0 	 0 	 0 	 0 	 0 	0
70 	 0 	 0 	 0 	 0 	 0 	 0 	0
71 	 0 	 0 	 0 	 0 	 0 	 0 	0
72 	 0 	 0 	 0 	 0 	 0 	 0 	0
73 	 0 	 0 	 0 	 0 	 0 	 0 	0
74 	 0 	 0 	 0 	 0 	 0 	 0 	0
75 	 0 	 0 	 0 	 0 	 0 	 0 	0
76 	 0 	 0 	 0 	 0 	 0 	 0 	0
77 	 0 	 0 	 0 	 0 	 0 	 0 	0
78 	 0 	 0 	 0 	 0 	 0 	 0 	0
79 	 0 	 0 	 0 	 0 	 0 	 0 	0
80 	 0 	 0 	 0 	 0 	 0 	 0 	0
81 	 0 	 0 	 0 	 0 	 0 	 0 	0
82 	 0 	 0 	 0 	 0 	 0 	 0 	0
83 	 0 	 0 	 0 	 0 	 0 	 0 	0
84 	 0 	 0 	 0 	 0 	 0 	 0 	0
85 	 0 	 0 	 0 	 0 	 0 	 0 	0
86 	 0 	 0 	 0 	 0 	 0 	 0 	0
87 	 0 	 0 	 0 	 0 	 0 	 0 	0
88 	 0 	 0 	 0 	 0 	 0 	 0 	0
89 	 0 	 0 	 0 	 0 	 0 	 0 	0
90 	 0 	 0 	 0 	 0 	 0 	 0 	0
91 	 0 	 0 	 0 	 0 	 0 	 0 	0
92 	 0 	 0 	 0 	 0 	 0 	 0 	0
93 	 0 	 0 	 0 	 0 	 0 	 0 	0
94 	 0 	 0 	 0 	 0 	 0 	 0 	0
95 	 0 	 0 	 0 	 0 	 0 	 0 	0
96 	 0 	 0 	 0 	 0 	 0 	 0 	0
97 	 0 	 0 	 0 	 0 	 0 	 0 	0
98 	 0 	 0 	 0 	 0 	 0 	 0 	0
99 	 0 	 0 	 0 	 0 	 0 	 0 	0

Current time: 26.0
101	 0 	26.0 	 26.002883190050316 	 0.002883190050315676 	  sensor_0 -> rsu_0 -> sensor_0 -> Success
103	 0 	26.0 	 26.005307251623712 	 0.005307251623712261 	  sensor_1 -> rsu_0 -> sensor_1 -> Success
105	 0 	26.0 	 26.007752080345718 	 0.007752080345717616 	  sensor_2 -> rsu_0 -> sensor_2 -> Success
107	 0 	26.0 	 26.00880164130414 	 0.008801641304138741 	  sensor_3 -> rsu_0 -> sensor_3 -> Success
109	 0 	26.0 	 26.00885140389366 	 0.008851403893661569 	  sensor_4 -> sensor_3 -> rsu_0 -> sensor_3 -> Success
110	 0 	26.5 	 26.500129055340334 	 0.00012905534033436084 	  sensor_0 -> rsu_0 -> sensor_0 -> Success
112	 0 	26.5 	 26.501054138588763 	 0.0010541385887634647 	  sensor_1 -> rsu_0 -> sensor_1 -> Success
114	 0 	26.5 	 26.503606201267736 	 0.003606201267736253 	  sensor_2 -> rsu_0 -> sensor_2 -> Success
116	 0 	26.5 	 26.50693416799592 	 0.0069341679959187275 	  sensor_3 -> rsu_0 -> sensor_3 -> Success
118	 0 	26.5 	 26.50786397439235 	 0.007863974392350315 	  sensor_4 -> sensor_3 -> rsu_0 -> sensor_3 -> Success
0 	 44 	 0 	 47 	 3 	 5 	 42 	0
1 	 34 	 0 	 43 	 9 	 9 	 34 	0
2 	 24 	 0 	 32 	 8 	 12 	 19 	1
3 	 14 	 0 	 24 	 10 	 12 	 9 	3
4 	 4 	 0 	 14 	 10 	 11 	 1 	2
5 	 0 	 1 	 8 	 9 	 6 	 0 	2
6 	 0 	 0 	 6 	 6 	 5 	 0 	1
7 	 0 	 0 	 5 	 5 	 3 	 0 	2
8 	 0 	 0 	 3 	 3 	 3 	 0 	0
9 	 0 	 0 	 3 	 3 	 3 	 0 	0
10 	 0 	 0 	 3 	 3 	 3 	 0 	0
11 	 0 	 0 	 3 	 3 	 2 	 0 	1
12 	 0 	 0 	 2 	 2 	 2 	 0 	0
13 	 0 	 0 	 2 	 2 	 2 	 0 	0
14 	 0 	 0 	 2 	 2 	 2 	 0 	0
15 	 0 	 0 	 2 	 2 	 2 	 0 	0
16 	 0 	 0 	 2 	 2 	 2 	 0 	0
17 	 0 	 0 	 2 	 2 	 2 	 0 	0
18 	 0 	 0 	 2 	 2 	 2 	 0 	0
19 	 0 	 0 	 2 	 2 	 2 	 0 	0
20 	 0 	 0 	 2 	 2 	 2 	 0 	0
21 	 0 	 0 	 2 	 2 	 2 	 0 	0
22 	 0 	 0 	 2 	 2 	 1 	 0 	1
23 	 0 	 0 	 1 	 1 	 1 	 0 	0
24 	 0 	 0 	 1 	 1 	 1 	 0 	0
25 	 0 	 0 	 1 	 1 	 1 	 0 	0
26 	 0 	 0 	 1 	 1 	 1 	 0 	0
27 	 0 	 0 	 1 	 1 	 1 	 0 	0
28 	 0 	 0 	 1 	 1 	 1 	 0 	0
29 	 0 	 0 	 1 	 1 	 1 	 0 	0
30 	 0 	 0 	 1 	 1 	 1 	 0 	0
31 	 0 	 0 	 1 	 1 	 1 	 0 	0
32 	 0 	 0 	 1 	 1 	 1 	 0 	0
33 	 0 	 0 	 1 	 1 	 1 	 0 	0
34 	 0 	 0 	 1 	 1 	 1 	 0 	0
35 	 0 	 0 	 1 	 1 	 1 	 0 	0
36 	 0 	 0 	 1 	 1 	 1 	 0 	0
37 	 0 	 0 	 1 	 1 	 1 	 0 	0
38 	 0 	 0 	 1 	 1 	 1 	 0 	0
39 	 0 	 0 	 1 	 1 	 1 	 0 	0
40 	 0 	 0 	 1 	 1 	 1 	 0 	0
41 	 0 	 0 	 1 	 1 	 1 	 0 	0
42 	 0 	 0 	 1 	 1 	 1 	 0 	0
43 	 0 	 0 	 1 	 1 	 1 	 0 	0
44 	 0 	 0 	 1 	 1 	 1 	 0 	0
45 	 0 	 0 	 1 	 1 	 1 	 0 	0
46 	 0 	 0 	 1 	 1 	 1 	 0 	0
47 	 0 	 0 	 1 	 1 	 1 	 0 	0
48 	 0 	 0 	 1 	 1 	 1 	 0 	0
49 	 0 	 0 	 1 	 1 	 1 	 0 	0
50 	 0 	 0 	 1 	 1 	 1 	 0 	0
51 	 0 	 0 	 1 	 1 	 1 	 0 	0
52 	 0 	 0 	 1 	 1 	 0 	 0 	1
53 	 0 	 0 	 0 	 0 	 0 	 0 	0
54 	 0 	 0 	 0 	 0 	 0 	 0 	0
55 	 0 	 0 	 0 	 0 	 0 	 0 	0
56 	 0 	 0 	 0 	 0 	 0 	 0 	0
57 	 0 	 0 	 0 	 0 	 0 	 0 	0
58 	 0 	 0 	 0 	 0 	 0 	 0 	0
59 	 0 	 0 	 0 	 0 	 0 	 0 	0
60 	 0 	 0 	 0 	 0 	 0 	 0 	0
61 	 0 	 0 	 0 	 0 	 0 	 0 	0
62 	 0 	 0 	 0 	 0 	 0 	 0 	0
63 	 0 	 0 	 0 	 0 	 0 	 0 	0
64 	 0 	 0 	 0 	 0 	 0 	 0 	0
65 	 0 	 0 	 0 	 0 	 0 	 0 	0
66 	 0 	 0 	 0 	 0 	 0 	 0 	0
67 	 0 	 0 	 0 	 0 	 0 	 0 	0
68 	 0 	 0 	 0 	 0 	 0 	 0 	0
69 	 0 	 0 	 0 	 0 	 0 	 0 	0
70 	 0 	 0 	 0 	 0 	 0 	 0 	0
71 	 0 	 0 	 0 	 0 	 0 	 0 	0
72 	 0 	 0 	 0 	 0 	 0 	 0 	0
73 	 0 	 0 	 0 	 0 	 0 	 0 	0
74 	 0 	 0 	 0 	 0 	 0 	 0 	0
75 	 0 	 0 	 0 	 0 	 0 	 0 	0
76 	 0 	 0 	 0 	 0 	 0 	 0 	0
77 	 0 	 0 	 0 	 0 	 0 	 0 	0
78 	 0 	 0 	 0 	 0 	 0 	 0 	0
79 	 0 	 0 	 0 	 0 	 0 	 0 	0
80 	 0 	 0 	 0 	 0 	 0 	 0 	0
81 	 0 	 0 	 0 	 0 	 0 	 0 	0
82 	 0 	 0 	 0 	 0 	 0 	 0 	0
83 	 0 	 0 	 0 	 0 	 0 	 0 	0
84 	 0 	 0 	 0 	 0 	 0 	 0 	0
85 	 0 	 0 	 0 	 0 	 0 	 0 	0
86 	 0 	 0 	 0 	 0 	 0 	 0 	0
87 	 0 	 0 	 0 	 0 	 0 	 0 	0
88 	 0 	 0 	 0 	 0 	 0 	 0 	0
89 	 0 	 0 	 0 	 0 	 0 	 0 	0
90 	 0 	 0 	 0 	 0 	 0 	 0 	0
91 	 0 	 0 	 0 	 0 	 0 	 0 	0
92 	 0 	 0 	 0 	 0 	 0 	 0 	0
93 	 0 	 0 	 0 	 0 	 0 	 0 	0
94 	 0 	 0 	 0 	 0 	 0 	 0 	0
95 	 0 	 0 	 0 	 0 	 0 	 0 	0
96 	 0 	 0 	 0 	 0 	 0 	 0 	0
97 	 0 	 0 	 0 	 0 	 0 	 0 	0
98 	 0 	 0 	 0 	 0 	 0 	 0 	0
99 	 0 	 0 	 0 	 0 	 0 	 0 	0

Current time: 27.0
111	 0 	27.0 	 27.000981264531948 	 0.0009812645319478008 	  sensor_0 -> rsu_0 -> sensor_0 -> Success
113	 0 	27.0 	 27.003107592150492 	 0.0031075921504921666 	  sensor_1 -> rsu_0 -> sensor_1 -> Success
115	 0 	27.0 	 27.005155509179257 	 0.005155509179257223 	  sensor_2 -> rsu_0 -> sensor_2 -> Success
117	 0 	27.0 	 27.006236511859033 	 0.006236511859032845 	  sensor_3 -> rsu_0 -> sensor_3 -> Success
119	 0 	27.0 	 27.006763225668532 	 0.006763225668532158 	  sensor_4 -> rsu_0 -> sensor_4 -> Success
122	 0 	27.5 	 27.500386389654565 	 0.00038638965456527785 	  sensor_1 -> rsu_0 -> sensor_1 -> Success
108	 0 	25.5 	 27.50064974594657 	 2.0006497459465713 	  sensor_4 -> sensor_5 -> sensor_5 -> sensor_5 -> gnb -> sensor_5 -> Success
120	 0 	27.5 	 27.5006062581015 	 0.0006062581014987245 	  sensor_0 -> rsu_0 -> sensor_0 -> Success
128	 0 	27.5 	 27.501302131806263 	 0.0013021318062627074 	  sensor_4 -> rsu_0 -> sensor_4 -> Success
126	 0 	27.5 	 27.502048247195518 	 0.0020482471955176607 	  sensor_3 -> sensor_2 -> rsu_0 -> sensor_2 -> Success
0 	 46 	 0 	 49 	 3 	 5 	 44 	0
1 	 36 	 0 	 45 	 9 	 9 	 36 	0
2 	 26 	 2 	 34 	 10 	 12 	 21 	1
3 	 16 	 0 	 26 	 10 	 14 	 9 	3
4 	 6 	 0 	 16 	 10 	 11 	 3 	2
5 	 0 	 0 	 9 	 9 	 6 	 0 	3
6 	 0 	 0 	 6 	 6 	 5 	 0 	1
7 	 0 	 0 	 5 	 5 	 3 	 0 	2
8 	 0 	 0 	 3 	 3 	 3 	 0 	0
9 	 0 	 0 	 3 	 3 	 3 	 0 	0
10 	 0 	 0 	 3 	 3 	 3 	 0 	0
11 	 0 	 0 	 3 	 3 	 2 	 0 	1
12 	 0 	 0 	 2 	 2 	 2 	 0 	0
13 	 0 	 0 	 2 	 2 	 2 	 0 	0
14 	 0 	 0 	 2 	 2 	 2 	 0 	0
15 	 0 	 0 	 2 	 2 	 2 	 0 	0
16 	 0 	 0 	 2 	 2 	 2 	 0 	0
17 	 0 	 0 	 2 	 2 	 2 	 0 	0
18 	 0 	 0 	 2 	 2 	 2 	 0 	0
19 	 0 	 0 	 2 	 2 	 2 	 0 	0
20 	 0 	 0 	 2 	 2 	 2 	 0 	0
21 	 0 	 0 	 2 	 2 	 2 	 0 	0
22 	 0 	 0 	 2 	 2 	 1 	 0 	1
23 	 0 	 0 	 1 	 1 	 1 	 0 	0
24 	 0 	 0 	 1 	 1 	 1 	 0 	0
25 	 0 	 0 	 1 	 1 	 1 	 0 	0
26 	 0 	 0 	 1 	 1 	 1 	 0 	0
27 	 0 	 0 	 1 	 1 	 1 	 0 	0
28 	 0 	 0 	 1 	 1 	 1 	 0 	0
29 	 0 	 0 	 1 	 1 	 1 	 0 	0
30 	 0 	 0 	 1 	 1 	 1 	 0 	0
31 	 0 	 0 	 1 	 1 	 1 	 0 	0
32 	 0 	 0 	 1 	 1 	 1 	 0 	0
33 	 0 	 0 	 1 	 1 	 1 	 0 	0
34 	 0 	 0 	 1 	 1 	 1 	 0 	0
35 	 0 	 0 	 1 	 1 	 1 	 0 	0
36 	 0 	 0 	 1 	 1 	 1 	 0 	0
37 	 0 	 0 	 1 	 1 	 1 	 0 	0
38 	 0 	 0 	 1 	 1 	 1 	 0 	0
39 	 0 	 0 	 1 	 1 	 1 	 0 	0
40 	 0 	 0 	 1 	 1 	 1 	 0 	0
41 	 0 	 0 	 1 	 1 	 1 	 0 	0
42 	 0 	 0 	 1 	 1 	 1 	 0 	0
43 	 0 	 0 	 1 	 1 	 1 	 0 	0
44 	 0 	 0 	 1 	 1 	 1 	 0 	0
45 	 0 	 0 	 1 	 1 	 1 	 0 	0
46 	 0 	 0 	 1 	 1 	 1 	 0 	0
47 	 0 	 0 	 1 	 1 	 1 	 0 	0
48 	 0 	 0 	 1 	 1 	 1 	 0 	0
49 	 0 	 0 	 1 	 1 	 1 	 0 	0
50 	 0 	 0 	 1 	 1 	 1 	 0 	0
51 	 0 	 0 	 1 	 1 	 1 	 0 	0
52 	 0 	 0 	 1 	 1 	 0 	 0 	1
53 	 0 	 0 	 0 	 0 	 0 	 0 	0
54 	 0 	 0 	 0 	 0 	 0 	 0 	0
55 	 0 	 0 	 0 	 0 	 0 	 0 	0
56 	 0 	 0 	 0 	 0 	 0 	 0 	0
57 	 0 	 0 	 0 	 0 	 0 	 0 	0
58 	 0 	 0 	 0 	 0 	 0 	 0 	0
59 	 0 	 0 	 0 	 0 	 0 	 0 	0
60 	 0 	 0 	 0 	 0 	 0 	 0 	0
61 	 0 	 0 	 0 	 0 	 0 	 0 	0
62 	 0 	 0 	 0 	 0 	 0 	 0 	0
63 	 0 	 0 	 0 	 0 	 0 	 0 	0
64 	 0 	 0 	 0 	 0 	 0 	 0 	0
65 	 0 	 0 	 0 	 0 	 0 	 0 	0
66 	 0 	 0 	 0 	 0 	 0 	 0 	0
67 	 0 	 0 	 0 	 0 	 0 	 0 	0
68 	 0 	 0 	 0 	 0 	 0 	 0 	0
69 	 0 	 0 	 0 	 0 	 0 	 0 	0
70 	 0 	 0 	 0 	 0 	 0 	 0 	0
71 	 0 	 0 	 0 	 0 	 0 	 0 	0
72 	 0 	 0 	 0 	 0 	 0 	 0 	0
73 	 0 	 0 	 0 	 0 	 0 	 0 	0
74 	 0 	 0 	 0 	 0 	 0 	 0 	0
75 	 0 	 0 	 0 	 0 	 0 	 0 	0
76 	 0 	 0 	 0 	 0 	 0 	 0 	0
77 	 0 	 0 	 0 	 0 	 0 	 0 	0
78 	 0 	 0 	 0 	 0 	 0 	 0 	0
79 	 0 	 0 	 0 	 0 	 0 	 0 	0
80 	 0 	 0 	 0 	 0 	 0 	 0 	0
81 	 0 	 0 	 0 	 0 	 0 	 0 	0
82 	 0 	 0 	 0 	 0 	 0 	 0 	0
83 	 0 	 0 	 0 	 0 	 0 	 0 	0
84 	 0 	 0 	 0 	 0 	 0 	 0 	0
85 	 0 	 0 	 0 	 0 	 0 	 0 	0
86 	 0 	 0 	 0 	 0 	 0 	 0 	0
87 	 0 	 0 	 0 	 0 	 0 	 0 	0
88 	 0 	 0 	 0 	 0 	 0 	 0 	0
89 	 0 	 0 	 0 	 0 	 0 	 0 	0
90 	 0 	 0 	 0 	 0 	 0 	 0 	0
91 	 0 	 0 	 0 	 0 	 0 	 0 	0
92 	 0 	 0 	 0 	 0 	 0 	 0 	0
93 	 0 	 0 	 0 	 0 	 0 	 0 	0
94 	 0 	 0 	 0 	 0 	 0 	 0 	0
95 	 0 	 0 	 0 	 0 	 0 	 0 	0
96 	 0 	 0 	 0 	 0 	 0 	 0 	0
97 	 0 	 0 	 0 	 0 	 0 	 0 	0
98 	 0 	 0 	 0 	 0 	 0 	 0 	0
99 	 0 	 0 	 0 	 0 	 0 	 0 	0

Current time: 28.0
121	 1 	28.0 	 28.00065827569939 	 0.0006582756993900318 	  sensor_0 -> rsu_0 -> Failure
125	 1 	28.0 	 28.00328478163246 	 0.003284781632459044 	  sensor_2 -> rsu_0 -> sensor_2 -> Success
123	 1 	28.0 	 28.003836842777407 	 0.0038368427774067015 	  sensor_1 -> rsu_0 -> sensor_1 -> Success
129	 1 	28.0 	 28.005294833428998 	 0.005294833428997947 	  sensor_4 -> rsu_0 -> sensor_4 -> Success
127	 1 	28.0 	 28.008499753552243 	 0.008499753552243305 	  sensor_3 -> sensor_2 -> sensor_1 -> rsu_0 -> sensor_1 -> Success
138	 1 	28.5 	 28.501092369581098 	 0.0010923695810980405 	  sensor_4 -> sensor_5 -> gnb -> sensor_5 -> Success
124	 1 	27.5 	 28.50078982432304 	 1.0007898243230393 	  sensor_2 -> sensor_2 -> rsu_0 -> sensor_2 -> Success
132	 1 	28.5 	 28.501649995644506 	 0.0016499956445059638 	  sensor_1 -> rsu_0 -> sensor_1 -> Success
134	 1 	28.5 	 28.502185516612037 	 0.0021855166120374747 	  sensor_2 -> rsu_0 -> sensor_2 -> Success
136	 1 	28.5 	 28.50367018891786 	 0.003670188917858752 	  sensor_3 -> rsu_0 -> sensor_3 -> Success
130	 1 	28.5 	 28.504839053160932 	 0.0048390531609321386 	  sensor_0 -> sensor_1 -> rsu_0 -> sensor_1 -> Success
0 	 48 	 0 	 51 	 3 	 7 	 44 	0
1 	 38 	 1 	 49 	 12 	 9 	 40 	0
2 	 28 	 0 	 38 	 10 	 13 	 24 	1
3 	 18 	 0 	 28 	 10 	 14 	 11 	3
4 	 8 	 0 	 18 	 10 	 12 	 4 	2
5 	 0 	 0 	 10 	 10 	 6 	 0 	4
6 	 0 	 0 	 6 	 6 	 5 	 0 	1
7 	 0 	 0 	 5 	 5 	 3 	 0 	2
8 	 0 	 0 	 3 	 3 	 3 	 0 	0
9 	 0 	 0 	 3 	 3 	 3 	 0 	0
10 	 0 	 0 	 3 	 3 	 3 	 0 	0
11 	 0 	 0 	 3 	 3 	 2 	 0 	1
12 	 0 	 0 	 2 	 2 	 2 	 0 	0
13 	 0 	 0 	 2 	 2 	 2 	 0 	0
14 	 0 	 0 	 2 	 2 	 2 	 0 	0
15 	 0 	 0 	 2 	 2 	 2 	 0 	0
16 	 0 	 0 	 2 	 2 	 2 	 0 	0
17 	 0 	 0 	 2 	 2 	 2 	 0 	0
18 	 0 	 0 	 2 	 2 	 2 	 0 	0
19 	 0 	 0 	 2 	 2 	 2 	 0 	0
20 	 0 	 0 	 2 	 2 	 2 	 0 	0
21 	 0 	 0 	 2 	 2 	 2 	 0 	0
22 	 0 	 0 	 2 	 2 	 1 	 0 	1
23 	 0 	 0 	 1 	 1 	 1 	 0 	0
24 	 0 	 0 	 1 	 1 	 1 	 0 	0
25 	 0 	 0 	 1 	 1 	 1 	 0 	0
26 	 0 	 0 	 1 	 1 	 1 	 0 	0
27 	 0 	 0 	 1 	 1 	 1 	 0 	0
28 	 0 	 0 	 1 	 1 	 1 	 0 	0
29 	 0 	 0 	 1 	 1 	 1 	 0 	0
30 	 0 	 0 	 1 	 1 	 1 	 0 	0
31 	 0 	 0 	 1 	 1 	 1 	 0 	0
32 	 0 	 0 	 1 	 1 	 1 	 0 	0
33 	 0 	 0 	 1 	 1 	 1 	 0 	0
34 	 0 	 0 	 1 	 1 	 1 	 0 	0
35 	 0 	 0 	 1 	 1 	 1 	 0 	0
36 	 0 	 0 	 1 	 1 	 1 	 0 	0
37 	 0 	 0 	 1 	 1 	 1 	 0 	0
38 	 0 	 0 	 1 	 1 	 1 	 0 	0
39 	 0 	 0 	 1 	 1 	 1 	 0 	0
40 	 0 	 0 	 1 	 1 	 1 	 0 	0
41 	 0 	 0 	 1 	 1 	 1 	 0 	0
42 	 0 	 0 	 1 	 1 	 1 	 0 	0
43 	 0 	 0 	 1 	 1 	 1 	 0 	0
44 	 0 	 0 	 1 	 1 	 1 	 0 	0
45 	 0 	 0 	 1 	 1 	 1 	 0 	0
46 	 0 	 0 	 1 	 1 	 1 	 0 	0
47 	 0 	 0 	 1 	 1 	 1 	 0 	0
48 	 0 	 0 	 1 	 1 	 1 	 0 	0
49 	 0 	 0 	 1 	 1 	 1 	 0 	0
50 	 0 	 0 	 1 	 1 	 1 	 0 	0
51 	 0 	 0 	 1 	 1 	 1 	 0 	0
52 	 0 	 0 	 1 	 1 	 0 	 0 	1
53 	 0 	 0 	 0 	 0 	 0 	 0 	0
54 	 0 	 0 	 0 	 0 	 0 	 0 	0
55 	 0 	 0 	 0 	 0 	 0 	 0 	0
56 	 0 	 0 	 0 	 0 	 0 	 0 	0
57 	 0 	 0 	 0 	 0 	 0 	 0 	0
58 	 0 	 0 	 0 	 0 	 0 	 0 	0
59 	 0 	 0 	 0 	 0 	 0 	 0 	0
60 	 0 	 0 	 0 	 0 	 0 	 0 	0
61 	 0 	 0 	 0 	 0 	 0 	 0 	0
62 	 0 	 0 	 0 	 0 	 0 	 0 	0
63 	 0 	 0 	 0 	 0 	 0 	 0 	0
64 	 0 	 0 	 0 	 0 	 0 	 0 	0
65 	 0 	 0 	 0 	 0 	 0 	 0 	0
66 	 0 	 0 	 0 	 0 	 0 	 0 	0
67 	 0 	 0 	 0 	 0 	 0 	 0 	0
68 	 0 	 0 	 0 	 0 	 0 	 0 	0
69 	 0 	 0 	 0 	 0 	 0 	 0 	0
70 	 0 	 0 	 0 	 0 	 0 	 0 	0
71 	 0 	 0 	 0 	 0 	 0 	 0 	0
72 	 0 	 0 	 0 	 0 	 0 	 0 	0
73 	 0 	 0 	 0 	 0 	 0 	 0 	0
74 	 0 	 0 	 0 	 0 	 0 	 0 	0
75 	 0 	 0 	 0 	 0 	 0 	 0 	0
76 	 0 	 0 	 0 	 0 	 0 	 0 	0
77 	 0 	 0 	 0 	 0 	 0 	 0 	0
78 	 0 	 0 	 0 	 0 	 0 	 0 	0
79 	 0 	 0 	 0 	 0 	 0 	 0 	0
80 	 0 	 0 	 0 	 0 	 0 	 0 	0
81 	 0 	 0 	 0 	 0 	 0 	 0 	0
82 	 0 	 0 	 0 	 0 	 0 	 0 	0
83 	 0 	 0 	 0 	 0 	 0 	 0 	0
84 	 0 	 0 	 0 	 0 	 0 	 0 	0
85 	 0 	 0 	 0 	 0 	 0 	 0 	0
86 	 0 	 0 	 0 	 0 	 0 	 0 	0
87 	 0 	 0 	 0 	 0 	 0 	 0 	0
88 	 0 	 0 	 0 	 0 	 0 	 0 	0
89 	 0 	 0 	 0 	 0 	 0 	 0 	0
90 	 0 	 0 	 0 	 0 	 0 	 0 	0
91 	 0 	 0 	 0 	 0 	 0 	 0 	0
92 	 0 	 0 	 0 	 0 	 0 	 0 	0
93 	 0 	 0 	 0 	 0 	 0 	 0 	0
94 	 0 	 0 	 0 	 0 	 0 	 0 	0
95 	 0 	 0 	 0 	 0 	 0 	 0 	0
96 	 0 	 0 	 0 	 0 	 0 	 0 	0
97 	 0 	 0 	 0 	 0 	 0 	 0 	0
98 	 0 	 0 	 0 	 0 	 0 	 0 	0
99 	 0 	 0 	 0 	 0 	 0 	 0 	0

Current time: 29.0
133	 1 	29.0 	 29.004596884752832 	 0.004596884752832153 	  sensor_1 -> rsu_0 -> sensor_1 -> Success
135	 1 	29.0 	 29.00685962709988 	 0.006859627099881749 	  sensor_2 -> rsu_0 -> sensor_2 -> Success
137	 1 	29.0 	 29.00701977808631 	 0.007019778086309714 	  sensor_3 -> rsu_0 -> sensor_3 -> Success
139	 1 	29.0 	 29.009417776270357 	 0.009417776270357336 	  sensor_4 -> rsu_0 -> sensor_4 -> Success
131	 1 	29.0 	 29.012753400798303 	 0.012753400798303005 	  sensor_0 -> sensor_1 -> rsu_0 -> sensor_1 -> Success
140	 1 	29.5 	 29.501094278922302 	 0.0010942789223022942 	  sensor_0 -> gnb -> sensor_0 -> Success
146	 1 	29.5 	 29.50147523036854 	 0.0014752303685412471 	  sensor_3 -> gnb -> sensor_3 -> Success
142	 1 	29.5 	 29.50201559729317 	 0.002015597293169691 	  sensor_1 -> rsu_0 -> sensor_1 -> Success
144	 1 	29.5 	 29.503700636839763 	 0.003700636839763405 	  sensor_2 -> rsu_0 -> sensor_2 -> Success
0 	 50 	 1 	 53 	 4 	 7 	 44 	2
1 	 40 	 0 	 52 	 12 	 10 	 42 	0
2 	 30 	 1 	 39 	 10 	 13 	 25 	1
3 	 20 	 0 	 30 	 10 	 14 	 12 	4
4 	 10 	 0 	 20 	 10 	 13 	 5 	2
5 	 0 	 0 	 11 	 11 	 7 	 0 	4
6 	 0 	 1 	 6 	 7 	 5 	 0 	1
7 	 0 	 0 	 5 	 5 	 3 	 0 	2
8 	 0 	 0 	 3 	 3 	 3 	 0 	0
9 	 0 	 0 	 3 	 3 	 3 	 0 	0
10 	 0 	 0 	 3 	 3 	 3 	 0 	0
11 	 0 	 0 	 3 	 3 	 2 	 0 	1
12 	 0 	 0 	 2 	 2 	 2 	 0 	0
13 	 0 	 0 	 2 	 2 	 2 	 0 	0
14 	 0 	 0 	 2 	 2 	 2 	 0 	0
15 	 0 	 0 	 2 	 2 	 2 	 0 	0
16 	 0 	 0 	 2 	 2 	 2 	 0 	0
17 	 0 	 0 	 2 	 2 	 2 	 0 	0
18 	 0 	 0 	 2 	 2 	 2 	 0 	0
19 	 0 	 0 	 2 	 2 	 2 	 0 	0
20 	 0 	 0 	 2 	 2 	 2 	 0 	0
21 	 0 	 0 	 2 	 2 	 2 	 0 	0
22 	 0 	 0 	 2 	 2 	 1 	 0 	1
23 	 0 	 0 	 1 	 1 	 1 	 0 	0
24 	 0 	 0 	 1 	 1 	 1 	 0 	0
25 	 0 	 0 	 1 	 1 	 1 	 0 	0
26 	 0 	 0 	 1 	 1 	 1 	 0 	0
27 	 0 	 0 	 1 	 1 	 1 	 0 	0
28 	 0 	 0 	 1 	 1 	 1 	 0 	0
29 	 0 	 0 	 1 	 1 	 1 	 0 	0
30 	 0 	 0 	 1 	 1 	 1 	 0 	0
31 	 0 	 0 	 1 	 1 	 1 	 0 	0
32 	 0 	 0 	 1 	 1 	 1 	 0 	0
33 	 0 	 0 	 1 	 1 	 1 	 0 	0
34 	 0 	 0 	 1 	 1 	 1 	 0 	0
35 	 0 	 0 	 1 	 1 	 1 	 0 	0
36 	 0 	 0 	 1 	 1 	 1 	 0 	0
37 	 0 	 0 	 1 	 1 	 1 	 0 	0
38 	 0 	 0 	 1 	 1 	 1 	 0 	0
39 	 0 	 0 	 1 	 1 	 1 	 0 	0
40 	 0 	 0 	 1 	 1 	 1 	 0 	0
41 	 0 	 0 	 1 	 1 	 1 	 0 	0
42 	 0 	 0 	 1 	 1 	 1 	 0 	0
43 	 0 	 0 	 1 	 1 	 1 	 0 	0
44 	 0 	 0 	 1 	 1 	 1 	 0 	0
45 	 0 	 0 	 1 	 1 	 1 	 0 	0
46 	 0 	 0 	 1 	 1 	 1 	 0 	0
47 	 0 	 0 	 1 	 1 	 1 	 0 	0
48 	 0 	 0 	 1 	 1 	 1 	 0 	0
49 	 0 	 0 	 1 	 1 	 1 	 0 	0
50 	 0 	 0 	 1 	 1 	 1 	 0 	0
51 	 0 	 0 	 1 	 1 	 1 	 0 	0
52 	 0 	 0 	 1 	 1 	 0 	 0 	1
53 	 0 	 0 	 0 	 0 	 0 	 0 	0
54 	 0 	 0 	 0 	 0 	 0 	 0 	0
55 	 0 	 0 	 0 	 0 	 0 	 0 	0
56 	 0 	 0 	 0 	 0 	 0 	 0 	0
57 	 0 	 0 	 0 	 0 	 0 	 0 	0
58 	 0 	 0 	 0 	 0 	 0 	 0 	0
59 	 0 	 0 	 0 	 0 	 0 	 0 	0
60 	 0 	 0 	 0 	 0 	 0 	 0 	0
61 	 0 	 0 	 0 	 0 	 0 	 0 	0
62 	 0 	 0 	 0 	 0 	 0 	 0 	0
63 	 0 	 0 	 0 	 0 	 0 	 0 	0
64 	 0 	 0 	 0 	 0 	 0 	 0 	0
65 	 0 	 0 	 0 	 0 	 0 	 0 	0
66 	 0 	 0 	 0 	 0 	 0 	 0 	0
67 	 0 	 0 	 0 	 0 	 0 	 0 	0
68 	 0 	 0 	 0 	 0 	 0 	 0 	0
69 	 0 	 0 	 0 	 0 	 0 	 0 	0
70 	 0 	 0 	 0 	 0 	 0 	 0 	0
71 	 0 	 0 	 0 	 0 	 0 	 0 	0
72 	 0 	 0 	 0 	 0 	 0 	 0 	0
73 	 0 	 0 	 0 	 0 	 0 	 0 	0
74 	 0 	 0 	 0 	 0 	 0 	 0 	0
75 	 0 	 0 	 0 	 0 	 0 	 0 	0
76 	 0 	 0 	 0 	 0 	 0 	 0 	0
77 	 0 	 0 	 0 	 0 	 0 	 0 	0
78 	 0 	 0 	 0 	 0 	 0 	 0 	0
79 	 0 	 0 	 0 	 0 	 0 	 0 	0
80 	 0 	 0 	 0 	 0 	 0 	 0 	0
81 	 0 	 0 	 0 	 0 	 0 	 0 	0
82 	 0 	 0 	 0 	 0 	 0 	 0 	0
83 	 0 	 0 	 0 	 0 	 0 	 0 	0
84 	 0 	 0 	 0 	 0 	 0 	 0 	0
85 	 0 	 0 	 0 	 0 	 0 	 0 	0
86 	 0 	 0 	 0 	 0 	 0 	 0 	0
87 	 0 	 0 	 0 	 0 	 0 	 0 	0
88 	 0 	 0 	 0 	 0 	 0 	 0 	0
89 	 0 	 0 	 0 	 0 	 0 	 0 	0
90 	 0 	 0 	 0 	 0 	 0 	 0 	0
91 	 0 	 0 	 0 	 0 	 0 	 0 	0
92 	 0 	 0 	 0 	 0 	 0 	 0 	0
93 	 0 	 0 	 0 	 0 	 0 	 0 	0
94 	 0 	 0 	 0 	 0 	 0 	 0 	0
95 	 0 	 0 	 0 	 0 	 0 	 0 	0
96 	 0 	 0 	 0 	 0 	 0 	 0 	0
97 	 0 	 0 	 0 	 0 	 0 	 0 	0
98 	 0 	 0 	 0 	 0 	 0 	 0 	0
99 	 0 	 0 	 0 	 0 	 0 	 0 	0

Current time: 30.0
141	 1 	30.0 	 30.000956276682984 	 0.0009562766829844804 	  sensor_0 -> gnb -> sensor_0 -> Success
143	 1 	30.0 	 30.001170293737882 	 0.0011702937378821332 	  sensor_1 -> sensor_0 -> gnb -> sensor_0 -> Success
147	 1 	30.0 	 30.00162118639798 	 0.0016211863979798125 	  sensor_3 -> rsu_0 -> sensor_3 -> Success
149	 1 	30.0 	 30.002821944896244 	 0.0028219448962438776 	  sensor_4 -> rsu_0 -> sensor_4 -> Success
148	 1 	29.5 	 30.50050188352193 	 1.000501883521931 	  sensor_4 -> sensor_5 -> sensor_6 -> sensor_6 -> gnb -> sensor_6 -> Success
154	 1 	30.5 	 30.500566766800482 	 0.0005667668004818438 	  sensor_2 -> rsu_0 -> sensor_2 -> Success
158	 1 	30.5 	 30.501049955009762 	 0.0010499550097620158 	  sensor_4 -> rsu_0 -> sensor_4 -> Success
156	 1 	30.5 	 30.501524306691717 	 0.0015243066917172143 	  sensor_3 -> rsu_0 -> sensor_3 -> Success
160	 1 	30.5 	 30.502598725307653 	 0.002598725307652927 	  sensor_5 -> sensor_4 -> rsu_0 -> sensor_4 -> Success
0 	 52 	 2 	 55 	 5 	 8 	 44 	3
1 	 42 	 1 	 54 	 13 	 11 	 43 	0
2 	 32 	 0 	 42 	 10 	 13 	 28 	1
3 	 22 	 0 	 32 	 10 	 14 	 14 	4
4 	 12 	 0 	 23 	 11 	 13 	 8 	2
5 	 2 	 1 	 12 	 11 	 8 	 0 	4
6 	 0 	 0 	 7 	 7 	 5 	 0 	2
7 	 0 	 0 	 5 	 5 	 3 	 0 	2
8 	 0 	 0 	 3 	 3 	 3 	 0 	0
9 	 0 	 0 	 3 	 3 	 3 	 0 	0
10 	 0 	 0 	 3 	 3 	 3 	 0 	0
11 	 0 	 0 	 3 	 3 	 2 	 0 	1
12 	 0 	 0 	 2 	 2 	 2 	 0 	0
13 	 0 	 0 	 2 	 2 	 2 	 0 	0
14 	 0 	 0 	 2 	 2 	 2 	 0 	0
15 	 0 	 0 	 2 	 2 	 2 	 0 	0
16 	 0 	 0 	 2 	 2 	 2 	 0 	0
17 	 0 	 0 	 2 	 2 	 2 	 0 	0
18 	 0 	 0 	 2 	 2 	 2 	 0 	0
19 	 0 	 0 	 2 	 2 	 2 	 0 	0
20 	 0 	 0 	 2 	 2 	 2 	 0 	0
21 	 0 	 0 	 2 	 2 	 2 	 0 	0
22 	 0 	 0 	 2 	 2 	 1 	 0 	1
23 	 0 	 0 	 1 	 1 	 1 	 0 	0
24 	 0 	 0 	 1 	 1 	 1 	 0 	0
25 	 0 	 0 	 1 	 1 	 1 	 0 	0
26 	 0 	 0 	 1 	 1 	 1 	 0 	0
27 	 0 	 0 	 1 	 1 	 1 	 0 	0
28 	 0 	 0 	 1 	 1 	 1 	 0 	0
29 	 0 	 0 	 1 	 1 	 1 	 0 	0
30 	 0 	 0 	 1 	 1 	 1 	 0 	0
31 	 0 	 0 	 1 	 1 	 1 	 0 	0
32 	 0 	 0 	 1 	 1 	 1 	 0 	0
33 	 0 	 0 	 1 	 1 	 1 	 0 	0
34 	 0 	 0 	 1 	 1 	 1 	 0 	0
35 	 0 	 0 	 1 	 1 	 1 	 0 	0
36 	 0 	 0 	 1 	 1 	 1 	 0 	0
37 	 0 	 0 	 1 	 1 	 1 	 0 	0
38 	 0 	 0 	 1 	 1 	 1 	 0 	0
39 	 0 	 0 	 1 	 1 	 1 	 0 	0
40 	 0 	 0 	 1 	 1 	 1 	 0 	0
41 	 0 	 0 	 1 	 1 	 1 	 0 	0
42 	 0 	 0 	 1 	 1 	 1 	 0 	0
43 	 0 	 0 	 1 	 1 	 1 	 0 	0
44 	 0 	 0 	 1 	 1 	 1 	 0 	0
45 	 0 	 0 	 1 	 1 	 1 	 0 	0
46 	 0 	 0 	 1 	 1 	 1 	 0 	0
47 	 0 	 0 	 1 	 1 	 1 	 0 	0
48 	 0 	 0 	 1 	 1 	 1 	 0 	0
49 	 0 	 0 	 1 	 1 	 1 	 0 	0
50 	 0 	 0 	 1 	 1 	 1 	 0 	0
51 	 0 	 0 	 1 	 1 	 1 	 0 	0
52 	 0 	 0 	 1 	 1 	 0 	 0 	1
53 	 0 	 0 	 0 	 0 	 0 	 0 	0
54 	 0 	 0 	 0 	 0 	 0 	 0 	0
55 	 0 	 0 	 0 	 0 	 0 	 0 	0
56 	 0 	 0 	 0 	 0 	 0 	 0 	0
57 	 0 	 0 	 0 	 0 	 0 	 0 	0
58 	 0 	 0 	 0 	 0 	 0 	 0 	0
59 	 0 	 0 	 0 	 0 	 0 	 0 	0
60 	 0 	 0 	 0 	 0 	 0 	 0 	0
61 	 0 	 0 	 0 	 0 	 0 	 0 	0
62 	 0 	 0 	 0 	 0 	 0 	 0 	0
63 	 0 	 0 	 0 	 0 	 0 	 0 	0
64 	 0 	 0 	 0 	 0 	 0 	 0 	0
65 	 0 	 0 	 0 	 0 	 0 	 0 	0
66 	 0 	 0 	 0 	 0 	 0 	 0 	0
67 	 0 	 0 	 0 	 0 	 0 	 0 	0
68 	 0 	 0 	 0 	 0 	 0 	 0 	0
69 	 0 	 0 	 0 	 0 	 0 	 0 	0
70 	 0 	 0 	 0 	 0 	 0 	 0 	0
71 	 0 	 0 	 0 	 0 	 0 	 0 	0
72 	 0 	 0 	 0 	 0 	 0 	 0 	0
73 	 0 	 0 	 0 	 0 	 0 	 0 	0
74 	 0 	 0 	 0 	 0 	 0 	 0 	0
75 	 0 	 0 	 0 	 0 	 0 	 0 	0
76 	 0 	 0 	 0 	 0 	 0 	 0 	0
77 	 0 	 0 	 0 	 0 	 0 	 0 	0
78 	 0 	 0 	 0 	 0 	 0 	 0 	0
79 	 0 	 0 	 0 	 0 	 0 	 0 	0
80 	 0 	 0 	 0 	 0 	 0 	 0 	0
81 	 0 	 0 	 0 	 0 	 0 	 0 	0
82 	 0 	 0 	 0 	 0 	 0 	 0 	0
83 	 0 	 0 	 0 	 0 	 0 	 0 	0
84 	 0 	 0 	 0 	 0 	 0 	 0 	0
85 	 0 	 0 	 0 	 0 	 0 	 0 	0
86 	 0 	 0 	 0 	 0 	 0 	 0 	0
87 	 0 	 0 	 0 	 0 	 0 	 0 	0
88 	 0 	 0 	 0 	 0 	 0 	 0 	0
89 	 0 	 0 	 0 	 0 	 0 	 0 	0
90 	 0 	 0 	 0 	 0 	 0 	 0 	0
91 	 0 	 0 	 0 	 0 	 0 	 0 	0
92 	 0 	 0 	 0 	 0 	 0 	 0 	0
93 	 0 	 0 	 0 	 0 	 0 	 0 	0
94 	 0 	 0 	 0 	 0 	 0 	 0 	0
95 	 0 	 0 	 0 	 0 	 0 	 0 	0
96 	 0 	 0 	 0 	 0 	 0 	 0 	0
97 	 0 	 0 	 0 	 0 	 0 	 0 	0
98 	 0 	 0 	 0 	 0 	 0 	 0 	0
99 	 0 	 0 	 0 	 0 	 0 	 0 	0
