48.99969 	 49.00369910570305 	 0.0040091057030480215 	 sensor_gnb_sensor 	 0.06303419876083893 
48.99694 	 49.00483573272739 	 0.007895732727391191 	 sensor_rsu_gnb_sensor 	 0.06303419876083893 
48.99123000000003 	 49.002181730872074 	 0.010951730872044152 	 sensor_rsu_sensor 	 0.06303419876083893 
48.99779000000002 	 49.004733139597136 	 0.006943139597112236 	 sensor_gnb_sensor 	 0.06303419876083893 
49.00283000000003 	 49.00589616209828 	 0.003066162098249947 	 sensor_gnb_sensor 	 0.06303419876083893 
48.99834 	 49.004701345000285 	 0.006361345000286178 	 sensor 	 0.06303419876083893 
48.99141000000003 	 49.00878525331 	 0.017375253309971583 	 sensor_rsu_sensor 	 0.06303419876083893 
49.01001 	 49.01056095177148 	 0.0005509517714799017 	 sensor_rsu_gnb_sensor 	 0.06303419876083893 
49.00277000000001 	 49.011162539769145 	 0.008392539769133123 	 sensor 	 0.06303419876083893 
49.009479999999996 	 49.01214032726185 	 0.0026603272618501705 	 sensor_rsu_sensor 	 0.06303419876083893 
49.01035000000003 	 49.01805894518381 	 0.007708945183779292 	 sensor 	 0.06303419876083893 
49.017240000000044 	 49.02302502431135 	 0.005785024311308007 	 sensor_rsu_sensor 	 0.06303419876083893 
49.01745 	 49.02488473492938 	 0.007434734929383069 	 sensor_rsu_sensor 	 0.06303419876083893 
49.01484 	 49.025432026516924 	 0.01059202651692459 	 sensor_rsu_sensor 	 0.06303419876083893 
49.025660000000045 	 49.02683605248833 	 0.0011760524882831191 	 sensor_gnb_sensor 	 0.06303419876083893 
49.026619999999994 	 49.02726346041852 	 0.0006434604185230341 	 sensor_gnb_sensor 	 0.06303419876083893 
49.023640000000015 	 49.027410124529545 	 0.0037701245295309604 	 sensor 	 0.06303419876083893 
49.03317000000001 	 49.035564521915724 	 0.002394521915711323 	 sensor_rsu_gnb_sensor 	 0.06303419876083893 
49.02151 	 49.03405491527154 	 0.012544915271540447 	 sensor_rsu_sensor 	 0.06303419876083893 
49.03276000000004 	 49.03406024113925 	 0.0013002411392122326 	 sensor_rsu_sensor 	 0.06303419876083893 
49.03492 	 49.037282277023145 	 0.0023622770231455092 	 sensor_gnb_sensor 	 0.06303419876083893 
49.02553000000003 	 49.036508190023696 	 0.01097819002366407 	 sensor_sensor_rsu 	 0.06303419876083893 
49.03626 	 49.03933882323304 	 0.0030788232330394294 	 sensor_rsu_sensor 	 0.06303419876083893 
49.03865 	 49.043515401996906 	 0.004865401996909213 	 sensor_rsu_gnb_sensor 	 0.06303419876083893 
49.040290000000034 	 49.04449216535887 	 0.004202165358833554 	 sensor_rsu_gnb_sensor 	 0.06303419876083893 
49.027879999999996 	 49.04216134119547 	 0.014281341195470532 	 sensor 	 0.06303419876083893 
49.042330000000035 	 49.04544977278071 	 0.003119772780671326 	 sensor_gnb_sensor 	 0.06303419876083893 
49.042990000000025 	 49.0460306438706 	 0.003040643870576787 	 sensor_rsu_gnb_sensor 	 0.06303419876083893 
49.04432000000003 	 49.04660041702229 	 0.0022804170222627818 	 sensor_gnb_sensor 	 0.06303419876083893 
49.04504 	 49.04673495945011 	 0.0016949594501127763 	 sensor_rsu_gnb_sensor 	 0.06303419876083893 
49.04504000000003 	 49.0480011499444 	 0.0029611499443689127 	 sensor_rsu_gnb_sensor 	 0.06303419876083893 
49.047959999999996 	 49.049634824824466 	 0.0016748248244695674 	 sensor_gnb_sensor 	 0.06303419876083893 
49.049260000000004 	 49.052998016759545 	 0.0037380167595415514 	 sensor_rsu_gnb_sensor 	 0.06303419876083893 
49.04850000000001 	 49.051003355112506 	 0.002503355112494887 	 sensor_rsu_sensor 	 0.06303419876083893 
49.05107 	 49.05519100442946 	 0.004121004429457287 	 sensor_gnb_sensor 	 0.06303419876083893 
49.05407 	 49.055931424115165 	 0.0018614241151624356 	 sensor_gnb_sensor 	 0.06303419876083893 
49.04973 	 49.05582754079136 	 0.00609754079136593 	 sensor_rsu_gnb_sensor 	 0.06303419876083893 
49.05476000000003 	 49.05735442073593 	 0.0025944207359032134 	 sensor_gnb_sensor 	 0.06303419876083893 
49.05144 	 49.05977669224627 	 0.008336692246267319 	 sensor_rsu_gnb_sensor 	 0.06303419876083893 
49.05334 	 49.05559552832772 	 0.0022555283277228 	 sensor 	 0.06303419876083893 
49.05166000000003 	 49.056055376196014 	 0.004395376195986955 	 sensor 	 0.06303419876083893 
49.05779999999999 	 49.05902257698972 	 0.00122257698972561 	 sensor_gnb_sensor 	 0.06303419876083893 
49.05830000000003 	 49.0610559914187 	 0.002755991418666781 	 sensor_rsu_gnb_sensor 	 0.06303419876083893 
49.06043 	 49.061684202659116 	 0.0012542026591191302 	 sensor_gnb_sensor 	 0.06303419876083893 
49.05493000000001 	 49.06221830390626 	 0.0072883039062503485 	 sensor_rsu_sensor 	 0.06303419876083893 
49.063550000000006 	 49.065126387285794 	 0.0015763872857874617 	 sensor_gnb_sensor 	 0.06303419876083893 
49.06561000000003 	 49.068161142826156 	 0.0025511428261282276 	 sensor_gnb_sensor 	 0.06303419876083893 
49.063150000000036 	 49.07155957797329 	 0.00840957797325359 	 sensor_rsu_gnb_sensor 	 0.06303419876083893 
49.06195 	 49.07016081088426 	 0.008210810884257569 	 sensor_rsu_sensor 	 0.06303419876083893 
49.07449 	 49.07858334738191 	 0.004093347381910917 	 sensor_gnb_sensor 	 0.06303419876083893 
49.077929999999995 	 49.07925145797504 	 0.0013214579750453481 	 sensor_gnb_sensor 	 0.06303419876083893 
49.079390000000004 	 49.08435370486289 	 0.0049637048628881075 	 sensor_gnb_sensor 	 0.06303419876083893 
49.07939000000001 	 49.08082552482563 	 0.0014355248256165964 	 sensor_gnb_sensor 	 0.06303419876083893 
49.08165000000001 	 49.083148854227716 	 0.0014988542277052375 	 sensor_gnb_sensor 	 0.06303419876083893 
49.08087999999999 	 49.08460018977421 	 0.0037201897742136225 	 sensor_sensor_rsu 	 0.06303419876083893 
49.08383000000001 	 49.088396612903125 	 0.0045666129031118885 	 sensor_rsu_gnb_sensor 	 0.06303419876083893 
49.08736000000003 	 49.09167883851448 	 0.004318838514450363 	 sensor_gnb_sensor 	 0.06303419876083893 
49.08405 	 49.092886908876146 	 0.008836908876148186 	 sensor_rsu_gnb_sensor 	 0.06303419876083893 
49.08645000000003 	 49.09428287696869 	 0.007832876968663527 	 sensor_rsu_gnb_sensor 	 0.06303419876083893 
49.088210000000004 	 49.09502058633259 	 0.006810586332584023 	 sensor_rsu_gnb_sensor 	 0.06303419876083893 
49.08980000000003 	 49.09534890346234 	 0.005548903462305077 	 sensor_gnb_sensor 	 0.06303419876083893 
49.09761000000003 	 49.098110996832766 	 0.0005009968327343017 	 sensor_gnb_sensor 	 0.06303419876083893 
49.09821 	 49.09922975541691 	 0.0010197554169053547 	 sensor_gnb_sensor 	 0.06303419876083893 
49.08613999999999 	 49.09864967108381 	 0.012509671083819285 	 sensor_rsu_sensor 	 0.06303419876083893 
49.09867000000004 	 49.10186638789756 	 0.0031963878975176385 	 sensor_rsu_gnb_sensor 	 0.06303419876083893 
49.09081 	 49.09975279035158 	 0.00894279035158263 	 sensor_rsu_sensor 	 0.06303419876083893 
49.09914000000001 	 49.10027349898476 	 0.0011334989847497923 	 sensor_rsu_sensor 	 0.06303419876083893 
49.09675000000004 	 49.1003430163225 	 0.0035930163224549005 	 sensor_rsu_sensor 	 0.06303419876083893 
49.10390000000003 	 49.105029589055654 	 0.0011295890556226595 	 sensor_gnb_sensor 	 0.06303419876083893 
49.103970000000004 	 49.10647780374932 	 0.002507803749317361 	 sensor_gnb_sensor 	 0.06303419876083893 
49.10442000000001 	 49.10762388352837 	 0.00320388352835721 	 sensor_gnb_sensor 	 0.06303419876083893 
49.10540000000004 	 49.11151844723076 	 0.006118447230718971 	 sensor_gnb_sensor 	 0.06303419876083893 
49.10501000000004 	 49.10944219733105 	 0.0044321973310061935 	 sensor_rsu_sensor 	 0.06303419876083893 
49.10899000000001 	 49.110916153765274 	 0.0019261537652610627 	 sensor_gnb_sensor 	 0.06303419876083893 
49.11067000000004 	 49.11436064364442 	 0.0036906436443757684 	 sensor_rsu_gnb_sensor 	 0.06303419876083893 
49.11147000000004 	 49.11451571802601 	 0.0030457180259730876 	 sensor_gnb_sensor 	 0.06303419876083893 
49.11412000000003 	 49.1152168866613 	 0.0010968866612728334 	 sensor_gnb_sensor 	 0.06303419876083893 
49.117010000000036 	 49.11841638986409 	 0.001406389864051505 	 sensor_gnb_sensor 	 0.06303419876083893 
49.118840000000034 	 49.12172360670943 	 0.002883606709396247 	 sensor_rsu_sensor 	 0.06303419876083893 
49.12225000000004 	 49.12300042995838 	 0.0007504299583445118 	 sensor_rsu_gnb_sensor 	 0.06303419876083893 
49.126670000000004 	 49.12959975860336 	 0.002929758603357868 	 sensor_gnb_sensor 	 0.06303419876083893 
49.126700000000035 	 49.12960592176695 	 0.0029059217669171744 	 sensor_rsu_gnb_sensor 	 0.06303419876083893 
49.12683 	 49.12956956874431 	 0.002739568744310361 	 sensor_gnb_sensor 	 0.06303419876083893 
49.12897000000001 	 49.13095794167471 	 0.0019879416746988454 	 sensor_rsu_gnb_sensor 	 0.06303419876083893 
49.132780000000004 	 49.133547245659834 	 0.0007672456598299959 	 sensor_gnb_sensor 	 0.06303419876083893 
49.13417999999999 	 49.1352374403286 	 0.0010574403286085499 	 sensor_gnb_sensor 	 0.06303419876083893 
49.134969999999996 	 49.13631362395548 	 0.0013436239554849294 	 sensor_gnb_sensor 	 0.06303419876083893 
49.13391000000001 	 49.1377244930634 	 0.003814493063394764 	 sensor_rsu_sensor 	 0.06303419876083893 
49.139120000000005 	 49.13984709082491 	 0.000727090824902632 	 sensor_gnb_sensor 	 0.06303419876083893 
49.14042 	 49.14252121132815 	 0.0021012113281528855 	 sensor_sensor_gnb_sensor 	 0.06303419876083893 
49.14285000000001 	 49.1455960757658 	 0.002746075765792 	 sensor_rsu_gnb_sensor 	 0.06303419876083893 
49.143910000000034 	 49.15029988566457 	 0.006389885664539463 	 sensor_gnb_sensor 	 0.06303419876083893 
49.14448000000004 	 49.147453805997166 	 0.002973805997129375 	 sensor_rsu_gnb_sensor 	 0.06303419876083893 
49.14747 	 49.14895291473129 	 0.0014829147312909186 	 sensor_gnb_sensor 	 0.06303419876083893 
49.149140000000045 	 49.15056967513552 	 0.001429675135476316 	 sensor_rsu_gnb_sensor 	 0.06303419876083893 
49.150270000000035 	 49.15096057637257 	 0.000690576372534224 	 sensor_gnb_sensor 	 0.06303419876083893 
49.15044999999999 	 49.15443922348551 	 0.003989223485518778 	 sensor_rsu_sensor 	 0.06303419876083893 
49.15481000000001 	 49.156412518908766 	 0.0016025189087542913 	 sensor_rsu_gnb_sensor 	 0.06303419876083893 
49.15458000000004 	 49.15838410636061 	 0.0038041063605689374 	 sensor_rsu_gnb_sensor 	 0.06303419876083893 
49.15782000000003 	 49.159738593937945 	 0.0019185939379156025 	 sensor_gnb_sensor 	 0.06303419876083893 
49.158980000000014 	 49.160865263295854 	 0.001885263295839934 	 sensor_sensor_gnb_sensor 	 0.06303419876083893 
49.164020000000036 	 49.16491504252975 	 0.0008950425297129527 	 sensor_gnb_sensor 	 0.06303419876083893 
49.16472 	 49.16742867925777 	 0.0027086792577648566 	 sensor_gnb_sensor 	 0.06303419876083893 
49.163759999999996 	 49.16553791356174 	 0.0017779135617459474 	 sensor_rsu_sensor 	 0.06303419876083893 
49.166220000000024 	 49.17039756105568 	 0.0041775610556555876 	 sensor_rsu_gnb_sensor 	 0.06303419876083893 
49.17003 	 49.172082422904985 	 0.0020524229049883047 	 sensor_rsu_sensor 	 0.06303419876083893 
49.17180000000001 	 49.17360441075529 	 0.0018044107552768196 	 sensor_rsu_gnb_sensor 	 0.06303419876083893 
49.174470000000014 	 49.17583348681802 	 0.0013634868180076865 	 sensor_gnb_sensor 	 0.06303419876083893 
49.17368000000001 	 49.175895563143015 	 0.0022155631430038625 	 sensor_rsu_sensor 	 0.06303419876083893 
49.173770000000026 	 49.17724389585675 	 0.0034738958567217537 	 sensor_rsu_gnb_sensor 	 0.06303419876083893 
49.16316000000004 	 49.17737298410637 	 0.01421298410632943 	 sensor_rsu_sensor 	 0.06303419876083893 
49.169290000000004 	 49.17949826320511 	 0.010208263205107926 	 sensor_rsu_sensor 	 0.06303419876083893 
49.175340000000034 	 49.180040902725665 	 0.00470090272563084 	 sensor_rsu_sensor 	 0.06303419876083893 
49.174870000000034 	 49.18154405287662 	 0.006674052876583403 	 sensor_sensor_rsu 	 0.06303419876083893 
49.18232000000003 	 49.184240675443675 	 0.0019206754436424944 	 sensor_rsu_gnb_sensor 	 0.06303419876083893 
49.18010999999999 	 49.18381900337328 	 0.0037090033732880556 	 sensor_rsu_gnb_sensor 	 0.06303419876083893 
49.18433999999999 	 49.185392032062296 	 0.00105203206230442 	 sensor_gnb_sensor 	 0.06303419876083893 
49.189249999999994 	 49.1904715123882 	 0.001221512388205781 	 sensor_gnb_sensor 	 0.06303419876083893 
49.19113 	 49.194705983324276 	 0.0035759833242750005 	 sensor_rsu_sensor 	 0.06303419876083893 
49.19380000000004 	 49.195197605886605 	 0.0013976058865665664 	 sensor 	 0.06303419876083893 
49.19753 	 49.19885952743123 	 0.00132952743123127 	 sensor_gnb_sensor 	 0.06303419876083893 
49.19948000000001 	 49.20293476204354 	 0.0034547620435319004 	 sensor_gnb_sensor 	 0.06303419876083893 
49.19949 	 49.20026409736257 	 0.0007740973625729453 	 sensor_rsu_sensor 	 0.06303419876083893 
49.200329999999994 	 49.2013105580924 	 0.000980558092408046 	 sensor_rsu_sensor 	 0.06303419876083893 
49.20334 	 49.20617133229539 	 0.0028313322953934517 	 sensor_gnb_sensor 	 0.06303419876083893 
49.20334 	 49.20638858423648 	 0.0030485842364811333 	 sensor_gnb_sensor 	 0.06303419876083893 
49.20457999999999 	 49.206510160131025 	 0.001930160131031755 	 sensor_sensor_rsu_gnb_sensor 	 0.06303419876083893 
49.204010000000025 	 49.21175553275615 	 0.007745532756125328 	 sensor_gnb_sensor 	 0.06303419876083893 
49.20571000000004 	 49.20860212028472 	 0.0028921202846845517 	 sensor_sensor_gnb_sensor 	 0.06303419876083893 
49.20598 	 49.20947012003966 	 0.003490120039664646 	 sensor_rsu_gnb_sensor 	 0.06303419876083893 
49.19954000000004 	 49.20722450438127 	 0.00768450438123125 	 sensor_rsu_sensor 	 0.06303419876083893 
49.206260000000036 	 49.21088113225108 	 0.0046211322510458785 	 sensor_gnb_sensor 	 0.06303419876083893 
49.20133000000004 	 49.20810771697808 	 0.006777716978035642 	 sensor_rsu_sensor 	 0.06303419876083893 
49.213210000000004 	 49.217127048996524 	 0.003917048996520123 	 sensor_rsu_gnb_sensor 	 0.06303419876083893 
49.21368 	 49.2173798987941 	 0.0036998987941032624 	 sensor_rsu_sensor 	 0.06303419876083893 
49.21738 	 49.21883370100023 	 0.0014537010002300121 	 sensor_sensor_gnb_sensor 	 0.06303419876083893 
49.21785 	 49.221634252268046 	 0.003784252268047794 	 sensor_gnb_sensor 	 0.06303419876083893 
49.22159000000002 	 49.223947703130605 	 0.0023577031305848095 	 sensor_sensor_gnb_sensor 	 0.06303419876083893 
49.21892000000004 	 49.223822947979706 	 0.004902947979665839 	 sensor_rsu_sensor 	 0.06303419876083893 
49.22411000000004 	 49.23103841496973 	 0.006928414969692653 	 sensor_gnb_sensor 	 0.06303419876083893 
49.21694000000004 	 49.225032135401506 	 0.008092135401469136 	 sensor 	 0.06303419876083893 
49.22597000000001 	 49.229403674652296 	 0.00343367465228539 	 sensor_gnb_sensor 	 0.06303419876083893 
49.22567000000004 	 49.22995438763724 	 0.004284387637206066 	 sensor_sensor_rsu_sensor 	 0.06303419876083893 
49.229070000000014 	 49.23223055393434 	 0.0031605539343289024 	 sensor_gnb_sensor 	 0.06303419876083893 
49.22901000000004 	 49.2324832628868 	 0.0034732628867644166 	 sensor_rsu_gnb_sensor 	 0.06303419876083893 
49.23212000000004 	 49.23345365915027 	 0.001333659150233757 	 sensor_rsu_gnb_sensor 	 0.06303419876083893 
49.232479999999995 	 49.23581486245367 	 0.00333486245367709 	 sensor_gnb_sensor 	 0.06303419876083893 
49.233880000000035 	 49.235981772324145 	 0.0021017723241101294 	 sensor_gnb_sensor 	 0.06303419876083893 
49.235339999999994 	 49.23658324542394 	 0.0012432454239430513 	 sensor_gnb_sensor 	 0.06303419876083893 
49.23864000000003 	 49.24065801055557 	 0.0020180105555382966 	 sensor_gnb_sensor 	 0.06303419876083893 
49.23964000000003 	 49.2421697454626 	 0.0025297454625672344 	 sensor_gnb_sensor 	 0.06303419876083893 
49.240739999999995 	 49.24170482879065 	 0.0009648287906571795 	 sensor_gnb_sensor 	 0.06303419876083893 
49.24182999999999 	 49.242805291221615 	 0.0009752912216214327 	 sensor_rsu_gnb_sensor 	 0.06303419876083893 
49.24382000000004 	 49.24596903658585 	 0.002149036585805675 	 sensor_gnb_sensor 	 0.06303419876083893 
49.245810000000034 	 49.24846275144199 	 0.0026527514419569798 	 sensor_gnb_sensor 	 0.06303419876083893 
49.24390000000004 	 49.24828648600933 	 0.004386486009288149 	 sensor_rsu_sensor 	 0.06303419876083893 
49.25204000000004 	 49.254314117779906 	 0.0022741177798693 	 sensor_gnb_sensor 	 0.06303419876083893 
49.258520000000004 	 49.260791158529464 	 0.0022711585294601377 	 sensor_sensor_rsu_gnb_sensor 	 0.06303419876083893 
49.261039999999994 	 49.26262581256822 	 0.0015858125682228774 	 sensor_gnb_sensor 	 0.06303419876083893 
49.257590000000015 	 49.26245790570082 	 0.0048679057008058635 	 sensor_sensor_rsu_sensor 	 0.06303419876083893 
49.26279000000001 	 49.26346333601033 	 0.0006733360103226005 	 sensor_rsu_sensor 	 0.06303419876083893 
49.25694000000004 	 49.26652057791172 	 0.009580577911677324 	 sensor_rsu_sensor 	 0.06303419876083893 
49.257680000000036 	 49.266891983193524 	 0.009211983193488038 	 sensor_rsu_sensor 	 0.06303419876083893 
49.26691999999999 	 49.26857091346313 	 0.0016509134631377265 	 sensor_gnb_sensor 	 0.06303419876083893 
49.27062000000004 	 49.27465773559898 	 0.004037735598942049 	 sensor_rsu_gnb_sensor 	 0.06303419876083893 
49.271720000000016 	 49.27405201871465 	 0.002332018714632511 	 sensor_gnb_sensor 	 0.06303419876083893 
49.27184 	 49.27390440764322 	 0.002064407643224797 	 sensor_rsu_gnb_sensor 	 0.06303419876083893 
49.27564000000004 	 49.27732485412255 	 0.0016848541225087388 	 sensor_gnb_sensor 	 0.06303419876083893 
49.275929999999995 	 49.27837894623306 	 0.0024489462330663514 	 sensor_rsu_gnb_sensor 	 0.06303419876083893 
49.277249999999995 	 49.27949532817226 	 0.002245328172264749 	 sensor_rsu_gnb_sensor 	 0.06303419876083893 
49.279669999999996 	 49.28232706805786 	 0.0026570680578643646 	 sensor_gnb_sensor 	 0.06303419876083893 
49.28193000000003 	 49.28410307544518 	 0.0021730754451496637 	 sensor_sensor_gnb_sensor 	 0.06303419876083893 
49.278749999999995 	 49.28488725722214 	 0.006137257222142978 	 sensor_rsu_gnb_sensor 	 0.06303419876083893 
49.28496 	 49.28637819071937 	 0.001418190719370216 	 sensor_sensor_gnb_sensor 	 0.06303419876083893 
49.287519999999994 	 49.289470154228624 	 0.0019501542286306517 	 sensor_gnb_sensor 	 0.06303419876083893 
49.28777000000002 	 49.29100196692288 	 0.0032319669228542125 	 sensor_gnb_sensor 	 0.06303419876083893 
49.29102999999999 	 49.2929354814654 	 0.0019054814654069219 	 sensor_gnb_sensor 	 0.06303419876083893 
49.29244000000004 	 49.29376107845647 	 0.0013210784564279265 	 sensor_rsu_sensor 	 0.06303419876083893 
49.2839 	 49.2942854077638 	 0.010385407763799037 	 sensor 	 0.06303419876083893 
49.295680000000004 	 49.29867385339576 	 0.0029938533957576396 	 sensor_gnb_sensor 	 0.06303419876083893 
49.296700000000016 	 49.299091561579196 	 0.0023915615791807454 	 sensor_gnb_sensor 	 0.06303419876083893 
49.30055000000004 	 49.301451092280494 	 0.0009010922804577604 	 sensor_rsu_sensor 	 0.06303419876083893 
49.28734 	 49.30279326228328 	 0.015453262283280367 	 sensor 	 0.06303419876083893 
49.30613000000001 	 49.30990777591106 	 0.003777775911046888 	 sensor_gnb_sensor 	 0.06303419876083893 
49.30719 	 49.31308968155033 	 0.005899681550332048 	 sensor_gnb_sensor 	 0.06303419876083893 
49.30737000000001 	 49.311858999185574 	 0.004488999185561227 	 sensor_gnb_sensor 	 0.06303419876083893 
49.30949999999999 	 49.31132942260751 	 0.001829422607514175 	 sensor_gnb_sensor 	 0.06303419876083893 
49.30929999999999 	 49.31524767495237 	 0.005947674952373916 	 sensor_rsu_gnb_sensor 	 0.06303419876083893 
49.30813000000003 	 49.315179801164646 	 0.007049801164619396 	 sensor_rsu_gnb_sensor 	 0.06303419876083893 
49.31342000000002 	 49.3158371742477 	 0.002417174247675291 	 sensor_gnb_sensor 	 0.06303419876083893 
49.312500000000036 	 49.3189866914137 	 0.006486691413662982 	 sensor_rsu_gnb_sensor 	 0.06303419876083893 
49.31354000000003 	 49.31896309137017 	 0.005423091370140298 	 sensor_sensor_gnb_sensor 	 0.06303419876083893 
49.31807000000001 	 49.319479516020664 	 0.0014095160206508695 	 sensor_gnb_sensor 	 0.06303419876083893 
49.31959000000001 	 49.32154125003736 	 0.0019512500373508601 	 sensor_rsu_gnb_sensor 	 0.06303419876083893 
49.32307999999999 	 49.32416148560834 	 0.0010814856083527502 	 sensor_gnb_sensor 	 0.06303419876083893 
49.32474000000002 	 49.32927620110732 	 0.004536201107299576 	 sensor_gnb_sensor 	 0.06303419876083893 
49.32717 	 49.33063873378315 	 0.0034687337831442733 	 sensor_gnb_sensor 	 0.06303419876083893 
49.33009 	 49.33101039801189 	 0.000920398011892587 	 sensor_gnb_sensor 	 0.06303419876083893 
49.320829999999994 	 49.33114338392688 	 0.010313383926884967 	 sensor_rsu_sensor 	 0.06303419876083893 
49.32675000000002 	 49.331228513398074 	 0.004478513398055384 	 sensor_rsu_sensor 	 0.06303419876083893 
49.33162000000002 	 49.3328192207337 	 0.001199220733674622 	 sensor_gnb_sensor 	 0.06303419876083893 
49.33185999999999 	 49.334513942170645 	 0.0026539421706530675 	 sensor_sensor_gnb_sensor 	 0.06303419876083893 
49.33292000000002 	 49.33901198241251 	 0.0060919824124852084 	 sensor_gnb_sensor 	 0.06303419876083893 
49.33250000000004 	 49.334344793731596 	 0.001844793731557104 	 sensor_rsu_sensor 	 0.06303419876083893 
49.33738 	 49.342912811958286 	 0.00553281195828248 	 sensor_rsu_sensor 	 0.06303419876083893 
49.34282999999999 	 49.34517987574465 	 0.0023498757446560603 	 sensor_gnb_sensor 	 0.06303419876083893 
49.34293000000004 	 49.34624777766295 	 0.003317777662914523 	 sensor_gnb_sensor 	 0.06303419876083893 
49.341080000000034 	 49.34446173547926 	 0.00338173547922338 	 sensor_sensor_rsu 	 0.06303419876083893 
49.342549999999996 	 49.347838910230784 	 0.0052889102307887015 	 sensor_rsu_sensor 	 0.06303419876083893 
49.349090000000025 	 49.351609589427916 	 0.002519589427890878 	 sensor_rsu_gnb_sensor 	 0.06303419876083893 
49.349560000000004 	 49.3524654468771 	 0.002905446877093709 	 sensor_sensor_gnb_sensor 	 0.06303419876083893 
49.35529 	 49.355926857637016 	 0.0006368576370192613 	 sensor_gnb_sensor 	 0.06303419876083893 
49.35721 	 49.35958670571111 	 0.002376705711107263 	 sensor_rsu_gnb_sensor 	 0.06303419876083893 
49.35700999999999 	 49.35986887055557 	 0.0028588705555847582 	 sensor_rsu_gnb_sensor 	 0.06303419876083893 
49.359260000000006 	 49.36057850450334 	 0.0013185045033310416 	 sensor_gnb_sensor 	 0.06303419876083893 
49.36258000000001 	 49.366148843497626 	 0.0035688434976179906 	 sensor_gnb_sensor 	 0.06303419876083893 
49.36322 	 49.363954527243685 	 0.0007345272436865002 	 sensor_sensor_gnb_sensor 	 0.06303419876083893 
49.36454000000001 	 49.36667839730022 	 0.002138397300207373 	 sensor_gnb_sensor 	 0.06303419876083893 
49.36771 	 49.369020692478514 	 0.00131069247851201 	 sensor_sensor_rsu_gnb_sensor 	 0.06303419876083893 
49.35466000000004 	 49.36918212496231 	 0.014522124962269345 	 sensor_rsu_sensor 	 0.06303419876083893 
49.35780000000003 	 49.37084516874443 	 0.013045168744397984 	 sensor_rsu_sensor 	 0.06303419876083893 
49.36528999999999 	 49.37204842940313 	 0.0067584294031419745 	 sensor_rsu_sensor 	 0.06303419876083893 
49.36968000000001 	 49.37520785240893 	 0.005527852408917511 	 sensor_gnb_sensor 	 0.06303419876083893 
49.37286 	 49.375995520204036 	 0.003135520204033071 	 sensor_rsu_gnb_sensor 	 0.06303419876083893 
49.37244999999999 	 49.374191407587006 	 0.0017414075870121337 	 sensor_rsu_sensor 	 0.06303419876083893 
49.375240000000026 	 49.37755259953463 	 0.002312599534604942 	 sensor_gnb_sensor 	 0.06303419876083893 
49.37633 	 49.378846755516015 	 0.002516755516012381 	 sensor_gnb_sensor 	 0.06303419876083893 
49.377369999999985 	 49.38002703387762 	 0.0026570338776323865 	 sensor_gnb_sensor 	 0.06303419876083893 
49.38193 	 49.382253220300605 	 0.00032322030060782936 	 sensor_rsu_gnb_sensor 	 0.06303419876083893 
49.382800000000024 	 49.384771343331664 	 0.00197134333163973 	 sensor_gnb_sensor 	 0.06303419876083893 
49.382960000000004 	 49.38768633119158 	 0.00472633119157706 	 sensor_rsu_gnb_sensor 	 0.06303419876083893 
49.383840000000035 	 49.39021189322986 	 0.006371893229825787 	 sensor_gnb_sensor 	 0.06303419876083893 
49.382980000000025 	 49.387846142893665 	 0.0048661428936398465 	 sensor_rsu_gnb_sensor 	 0.06303419876083893 
49.384280000000004 	 49.38880181004647 	 0.004521810046469454 	 sensor_rsu_gnb_sensor 	 0.06303419876083893 
49.38670000000002 	 49.3896206165097 	 0.002920616509683782 	 sensor_gnb_sensor 	 0.06303419876083893 
49.38704000000004 	 49.39024027923358 	 0.0032002792335390495 	 sensor_rsu_gnb_sensor 	 0.06303419876083893 
49.38682 	 49.38849151122604 	 0.00167151122604281 	 sensor_rsu_sensor 	 0.06303419876083893 
49.39026000000003 	 49.39126259078352 	 0.0010025907834858572 	 sensor 	 0.06303419876083893 
49.393240000000034 	 49.3947189464394 	 0.0014789464393629714 	 sensor_gnb_sensor 	 0.06303419876083893 
49.39776999999999 	 49.40259725593033 	 0.004827255930344165 	 sensor_gnb_sensor 	 0.06303419876083893 
49.39953000000003 	 49.404141558893194 	 0.004611558893167 	 sensor_gnb_sensor 	 0.06303419876083893 
49.400640000000024 	 49.40613548393796 	 0.005495483937934864 	 sensor_sensor_gnb_sensor 	 0.06303419876083893 
49.40295 	 49.406367533540205 	 0.0034175335402082396 	 sensor_rsu_gnb_sensor 	 0.06303419876083893 
49.402590000000004 	 49.405702169576585 	 0.0031121695765818913 	 sensor_rsu_sensor 	 0.06303419876083893 
49.40294 	 49.40852737098922 	 0.005587370989218243 	 sensor_rsu_gnb_sensor 	 0.06303419876083893 
49.40655000000001 	 49.40854649553387 	 0.001996495533859388 	 sensor_rsu_gnb_sensor 	 0.06303419876083893 
49.405950000000004 	 49.40918633857164 	 0.0032363385716323023 	 sensor_rsu_gnb_sensor 	 0.06303419876083893 
49.40780000000004 	 49.40867038488174 	 0.0008703848817006588 	 sensor_gnb_sensor 	 0.06303419876083893 
49.40871000000003 	 49.41156992142327 	 0.002859921423244316 	 sensor_rsu_sensor 	 0.06303419876083893 
49.416010000000014 	 49.418796685460464 	 0.0027866854604496893 	 sensor_gnb_sensor 	 0.06303419876083893 
49.417130000000014 	 49.4206633980988 	 0.0035333980987886093 	 sensor_gnb_sensor 	 0.06303419876083893 
49.418110000000034 	 49.42132084927533 	 0.0032108492752982443 	 sensor_rsu_gnb_sensor 	 0.06303419876083893 
49.42166000000004 	 49.42427399212795 	 0.002613992127912468 	 sensor_rsu_gnb_sensor 	 0.06303419876083893 
49.42097000000001 	 49.42425033693006 	 0.003280336930046701 	 sensor_rsu_sensor 	 0.06303419876083893 
49.42456000000003 	 49.42634446024632 	 0.0017844602462915304 	 sensor_gnb_sensor 	 0.06303419876083893 
49.425460000000015 	 49.42815177482161 	 0.002691774821592219 	 sensor_rsu_gnb_sensor 	 0.06303419876083893 
49.42597000000001 	 49.431483177770176 	 0.005513177770168909 	 sensor_gnb_sensor 	 0.06303419876083893 
49.429170000000035 	 49.43152860920253 	 0.002358609202495643 	 sensor_gnb_sensor 	 0.06303419876083893 
49.43014000000002 	 49.432286732106654 	 0.0021467321066310774 	 sensor_gnb_sensor 	 0.06303419876083893 
49.430320000000016 	 49.43372173491758 	 0.003401734917567012 	 sensor_gnb_sensor 	 0.06303419876083893 
49.427640000000025 	 49.434220059062724 	 0.006580059062699206 	 sensor_rsu_gnb_sensor 	 0.06303419876083893 
49.430630000000015 	 49.4353157772975 	 0.0046857772974817635 	 sensor_rsu_gnb_sensor 	 0.06303419876083893 
49.43479999999999 	 49.436478868737666 	 0.0016788687376774192 	 sensor_gnb_sensor 	 0.06303419876083893 
49.441669999999995 	 49.44343625988654 	 0.0017662598865442192 	 sensor_gnb_sensor 	 0.06303419876083893 
49.43339000000004 	 49.443250501650695 	 0.009860501650656772 	 sensor_rsu_sensor 	 0.06303419876083893 
49.444160000000004 	 49.44564895573717 	 0.001488955737166009 	 sensor_rsu_gnb_sensor 	 0.06303419876083893 
49.44533 	 49.4475190447911 	 0.002189044791101935 	 sensor_gnb_sensor 	 0.06303419876083893 
49.44536000000002 	 49.44718350408114 	 0.0018235040811163117 	 sensor_gnb_sensor 	 0.06303419876083893 
49.44606 	 49.44718378969807 	 0.0011237896980702544 	 sensor_rsu_sensor 	 0.06303419876083893 
49.42612000000001 	 49.44762905100474 	 0.021509051004727553 	 sensor 	 0.06303419876083893 
49.45085999999999 	 49.45302099114237 	 0.0021609911423752237 	 sensor_gnb_sensor 	 0.06303419876083893 
49.45273999999999 	 49.45393311370838 	 0.0011931137083891485 	 sensor_gnb_sensor 	 0.06303419876083893 
49.44887000000003 	 49.45341642863148 	 0.004546428631449828 	 sensor_rsu_sensor 	 0.06303419876083893 
49.45533000000003 	 49.45993720725334 	 0.004607207253307877 	 sensor_rsu_gnb_sensor 	 0.06303419876083893 
49.456470000000024 	 49.45984027370742 	 0.0033702737073966205 	 sensor_gnb_sensor 	 0.06303419876083893 
49.456579999999995 	 49.46262368129525 	 0.006043681295253123 	 sensor_gnb_sensor 	 0.06303419876083893 
49.45745000000002 	 49.46412225441903 	 0.006672254419008539 	 sensor_rsu_gnb_sensor 	 0.06303419876083893 
49.45678000000002 	 49.46440008713172 	 0.007620087131698483 	 sensor_gnb_sensor 	 0.06303419876083893 
49.453900000000004 	 49.46196060821757 	 0.008060608217562049 	 sensor 	 0.06303419876083893 
49.46325999999999 	 49.46521965589399 	 0.001959655893998047 	 sensor_gnb_sensor 	 0.06303419876083893 
49.462040000000016 	 49.46593478276633 	 0.0038947827663164958 	 sensor_rsu_sensor 	 0.06303419876083893 
49.46702000000001 	 49.46821464528147 	 0.0011946452814584063 	 sensor_gnb_sensor 	 0.06303419876083893 
49.46619 	 49.47051551849522 	 0.004325518495221559 	 sensor_rsu_gnb_sensor 	 0.06303419876083893 
49.46784999999999 	 49.472385122815936 	 0.004535122815944703 	 sensor_rsu_gnb_sensor 	 0.06303419876083893 
49.468050000000005 	 49.4718633285393 	 0.0038133285392945027 	 sensor_gnb_sensor 	 0.06303419876083893 
49.47207999999999 	 49.4757729864578 	 0.0036929864578070237 	 sensor_gnb_sensor 	 0.06303419876083893 
49.47510000000004 	 49.47739974105604 	 0.0022997410559995046 	 sensor_rsu_gnb_sensor 	 0.06303419876083893 
49.47614000000002 	 49.478066212756886 	 0.0019262127568637766 	 sensor_gnb_sensor 	 0.06303419876083893 
49.476969999999994 	 49.47908344050736 	 0.002113440507365283 	 sensor_gnb_sensor 	 0.06303419876083893 
49.47561 	 49.47788991911534 	 0.0022799191153382026 	 sensor_rsu_sensor 	 0.06303419876083893 
49.47678000000001 	 49.47979581241846 	 0.0030158124184467283 	 sensor_rsu_gnb_sensor 	 0.06303419876083893 
49.479729999999996 	 49.484151657605096 	 0.004421657605099938 	 sensor_gnb_sensor 	 0.06303419876083893 
49.480520000000006 	 49.48375424214713 	 0.0032342421471227567 	 sensor_gnb_sensor 	 0.06303419876083893 
49.481429999999996 	 49.48444771979128 	 0.0030177197912806264 	 sensor_rsu_gnb_sensor 	 0.06303419876083893 
49.47349000000004 	 49.48239652092013 	 0.008906520920092476 	 sensor_rsu_sensor 	 0.06303419876083893 
49.48194000000001 	 49.48478818664074 	 0.0028481866407332745 	 sensor_gnb_sensor 	 0.06303419876083893 
49.48518 	 49.48855174945708 	 0.0033717494570808526 	 sensor_gnb_sensor 	 0.06303419876083893 
49.48550000000002 	 49.48725527675371 	 0.001755276753684143 	 sensor_rsu_gnb_sensor 	 0.06303419876083893 
49.485809999999994 	 49.487120161924615 	 0.0013101619246214113 	 sensor 	 0.06303419876083893 
49.48742000000002 	 49.48872392000387 	 0.0013039200038491572 	 sensor_rsu_gnb_sensor 	 0.06303419876083893 
49.48696000000001 	 49.490144353573356 	 0.0031843535733457884 	 sensor_rsu_sensor 	 0.06303419876083893 
49.490359999999995 	 49.49139332691151 	 0.0010333269115179178 	 sensor_gnb_sensor 	 0.06303419876083893 
49.49141 	 49.493695169326855 	 0.00228516932685352 	 sensor_gnb_sensor 	 0.06303419876083893 
49.47807000000002 	 49.49297119847457 	 0.014901198474554178 	 sensor 	 0.06303419876083893 
49.49256000000004 	 49.496109197294885 	 0.00354919729484493 	 sensor_gnb_sensor 	 0.06303419876083893 
49.49386000000001 	 49.49705837806726 	 0.0031983780672462103 	 sensor_gnb_sensor 	 0.06303419876083893 
49.4952 	 49.49713418512344 	 0.0019341851234457863 	 sensor_gnb_sensor 	 0.06303419876083893 
49.481640000000006 	 49.4959564755905 	 0.014316475590497646 	 sensor_rsu_sensor 	 0.06303419876083893 
49.48100000000002 	 49.49948082486612 	 0.018480824866095702 	 sensor 	 0.06303419876083893 
49.499750000000034 	 49.50269547343922 	 0.002945473439183388 	 sensor_rsu_gnb_sensor 	 0.06303419876083893 
49.502579999999995 	 49.506662238438395 	 0.004082238438400054 	 sensor_gnb_sensor 	 0.06303419876083893 
49.49708000000004 	 49.50335829443189 	 0.00627829443185135 	 sensor_rsu_sensor 	 0.06303419876083893 
49.50149 	 49.50866252703877 	 0.007172527038775911 	 sensor_rsu_gnb_sensor 	 0.06303419876083893 
49.506140000000016 	 49.50892145648998 	 0.0027814564899628635 	 sensor_gnb_sensor 	 0.06303419876083893 
49.49960000000002 	 49.50663106309393 	 0.007031063093904777 	 sensor_rsu_sensor 	 0.06303419876083893 
49.502570000000006 	 49.50827735279293 	 0.00570735279292478 	 sensor_rsu_gnb_sensor 	 0.06303419876083893 
49.503609999999995 	 49.51031090058609 	 0.006700900586096736 	 sensor_rsu_gnb_sensor 	 0.06303419876083893 
49.505750000000035 	 49.51209218887158 	 0.006342188871542476 	 sensor_rsu_sensor 	 0.06303419876083893 
49.512130000000035 	 49.51280042114168 	 0.0006704211416419525 	 sensor_rsu_gnb_sensor 	 0.06303419876083893 
49.50166000000004 	 49.512675755331536 	 0.011015755331499122 	 sensor 	 0.06303419876083893 
49.51285000000002 	 49.514649773367104 	 0.00179977336708248 	 sensor_rsu_gnb_sensor 	 0.06303419876083893 
49.515750000000025 	 49.51690054940162 	 0.001150549401593537 	 sensor_rsu_gnb_sensor 	 0.06303419876083893 
49.51756000000002 	 49.5196604474029 	 0.0021004474028814 	 sensor_gnb_sensor 	 0.06303419876083893 
49.516169999999995 	 49.51965005834625 	 0.0034800583462555323 	 sensor 	 0.06303419876083893 
49.522460000000024 	 49.52471105710818 	 0.0022510571081539865 	 sensor_rsu_gnb_sensor 	 0.06303419876083893 
49.52338000000004 	 49.52424766731469 	 0.0008676673146510439 	 sensor_gnb_sensor 	 0.06303419876083893 
49.52364000000004 	 49.5256481355246 	 0.0020081355245551435 	 sensor_rsu_gnb_sensor 	 0.06303419876083893 
49.527449999999995 	 49.528233073147554 	 0.0007830731475593211 	 sensor_gnb_sensor 	 0.06303419876083893 
49.52302000000002 	 49.530138771000225 	 0.0071187710002078575 	 sensor_rsu_sensor 	 0.06303419876083893 
49.52961000000002 	 49.5305065762975 	 0.000896576297478191 	 sensor_rsu_gnb_sensor 	 0.06303419876083893 
49.53179000000001 	 49.53343840159269 	 0.0016484015926820916 	 sensor_gnb_sensor 	 0.06303419876083893 
49.533490000000036 	 49.53602909125378 	 0.0025390912537446297 	 sensor_gnb_sensor 	 0.06303419876083893 
49.53440000000001 	 49.53533717548705 	 0.000937175487038644 	 sensor_gnb_sensor 	 0.06303419876083893 
49.535790000000006 	 49.53668699253354 	 0.0008969925335335915 	 sensor_rsu_gnb_sensor 	 0.06303419876083893 
49.537580000000005 	 49.53959610740249 	 0.002016107402482703 	 sensor_gnb_sensor 	 0.06303419876083893 
49.539410000000004 	 49.54464229335493 	 0.005232293354929141 	 sensor_rsu_gnb_sensor 	 0.06303419876083893 
49.539649999999995 	 49.54229588790228 	 0.0026458879022825954 	 sensor_gnb_sensor 	 0.06303419876083893 
49.53746000000004 	 49.54165214656441 	 0.004192146564371058 	 sensor_rsu_gnb_sensor 	 0.06303419876083893 
49.537520000000015 	 49.542799648434126 	 0.00527964843411155 	 sensor_rsu_sensor 	 0.06303419876083893 
49.54307000000004 	 49.55078815838439 	 0.007718158384349749 	 sensor_rsu_gnb_sensor 	 0.06303419876083893 
49.546549999999996 	 49.54896221981449 	 0.0024122198144951312 	 sensor_gnb_sensor 	 0.06303419876083893 
49.542199999999994 	 49.547067592011764 	 0.004867592011770228 	 sensor_rsu_sensor 	 0.06303419876083893 
49.547329999999995 	 49.55001586725429 	 0.002685867254292873 	 sensor_rsu_gnb_sensor 	 0.06303419876083893 
49.548849999999995 	 49.55013020264086 	 0.0012802026408635925 	 sensor_sensor_gnb_sensor 	 0.06303419876083893 
49.547020000000025 	 49.550589351416654 	 0.003569351416629729 	 sensor_rsu_gnb_sensor 	 0.06303419876083893 
49.54717000000004 	 49.55125620950781 	 0.004086209507775607 	 sensor_rsu_gnb_sensor 	 0.06303419876083893 
49.54825000000001 	 49.5502421877324 	 0.00199218773239096 	 sensor_rsu_gnb_sensor 	 0.06303419876083893 
49.561360000000015 	 49.56313589819247 	 0.001775898192455827 	 sensor_rsu_gnb_sensor 	 0.06303419876083893 
49.558570000000024 	 49.56291649432802 	 0.0043464943279971635 	 sensor_rsu_sensor 	 0.06303419876083893 
49.56288000000002 	 49.563833637362926 	 0.000953637362904658 	 sensor_gnb_sensor 	 0.06303419876083893 
49.558400000000006 	 49.56549210719347 	 0.007092107193464869 	 sensor_rsu_sensor 	 0.06303419876083893 
49.56289000000004 	 49.566726655527745 	 0.0038366555277065117 	 sensor_rsu_sensor 	 0.06303419876083893 
49.566570000000034 	 49.567838742272535 	 0.0012687422725008446 	 sensor_rsu_gnb_sensor 	 0.06303419876083893 
49.568420000000025 	 49.57175688425734 	 0.0033368842573153756 	 sensor_rsu_gnb_sensor 	 0.06303419876083893 
49.571380000000026 	 49.574469240253144 	 0.003089240253117964 	 sensor_gnb_sensor 	 0.06303419876083893 
49.573029999999996 	 49.573316950034105 	 0.000286950034109168 	 sensor 	 0.06303419876083893 
49.57467000000004 	 49.57853261743657 	 0.0038626174365319343 	 sensor_gnb_sensor 	 0.06303419876083893 
49.57590999999999 	 49.581099435685545 	 0.005189435685551302 	 sensor_sensor_gnb_sensor 	 0.06303419876083893 
49.57294999999999 	 49.57635178629161 	 0.0034017862916186914 	 sensor_rsu_sensor 	 0.06303419876083893 
49.57412000000002 	 49.577595911353804 	 0.003475911353781669 	 sensor_rsu_sensor 	 0.06303419876083893 
49.577479999999994 	 49.58143230526916 	 0.003952305269166345 	 sensor_gnb_sensor 	 0.06303419876083893 
49.577690000000025 	 49.58312473338979 	 0.005434733389762414 	 sensor_gnb_sensor 	 0.06303419876083893 
49.57854000000002 	 49.5824490637261 	 0.003909063726084128 	 sensor_gnb_sensor 	 0.06303419876083893 
49.57918000000002 	 49.582732211084384 	 0.003552211084361545 	 sensor_gnb_sensor 	 0.06303419876083893 
49.580679999999994 	 49.58453895270105 	 0.0038589527010586266 	 sensor_rsu_gnb_sensor 	 0.06303419876083893 
49.581800000000015 	 49.58445376588726 	 0.0026537658872456404 	 sensor_rsu_sensor 	 0.06303419876083893 
49.58405000000003 	 49.58761675571805 	 0.00356675571801901 	 sensor_rsu_gnb_sensor 	 0.06303419876083893 
49.58501000000002 	 49.58723988967483 	 0.0022298896748083052 	 sensor_rsu_gnb_sensor 	 0.06303419876083893 
49.586320000000015 	 49.588883225970044 	 0.002563225970028782 	 sensor_gnb_sensor 	 0.06303419876083893 
49.58763999999999 	 49.59343802531205 	 0.005798025312053312 	 sensor_sensor_gnb_sensor 	 0.06303419876083893 
49.59144000000003 	 49.59344087319178 	 0.0020008731917542377 	 sensor_gnb_sensor 	 0.06303419876083893 
49.59324000000001 	 49.59392703861338 	 0.0006870386133712714 	 sensor_sensor_gnb_sensor 	 0.06303419876083893 
49.59699000000002 	 49.59969350707613 	 0.0027035070761129987 	 sensor_rsu_gnb_sensor 	 0.06303419876083893 
49.598609999999994 	 49.59983797610146 	 0.0012279761014681867 	 sensor_gnb_sensor 	 0.06303419876083893 
49.60045000000004 	 49.602182866054484 	 0.001732866054446447 	 sensor_rsu_sensor 	 0.06303419876083893 
49.60290000000004 	 49.60377666677414 	 0.0008766667740971457 	 sensor_gnb_sensor 	 0.06303419876083893 
49.583369999999995 	 49.60711310093632 	 0.023743100936322037 	 sensor 	 0.06303419876083893 
49.60820000000004 	 49.609686902342226 	 0.0014869023421866245 	 sensor_gnb_sensor 	 0.06303419876083893 
49.60643000000003 	 49.61134137607721 	 0.004911376077181728 	 sensor_rsu_sensor 	 0.06303419876083893 
49.61313000000001 	 49.61573889001869 	 0.002608890018677812 	 sensor_gnb_sensor 	 0.06303419876083893 
49.60416000000003 	 49.613516002393006 	 0.009356002392976848 	 sensor 	 0.06303419876083893 
49.61257000000004 	 49.61370085328949 	 0.0011308532894460654 	 sensor_rsu_sensor 	 0.06303419876083893 
49.613830000000036 	 49.615158100788264 	 0.0013281007882284257 	 sensor_gnb_sensor 	 0.06303419876083893 
49.61388000000004 	 49.61731796134762 	 0.0034379613475792326 	 sensor_gnb_sensor 	 0.06303419876083893 
49.60621999999999 	 49.614702870492536 	 0.008482870492542816 	 sensor_rsu_sensor 	 0.06303419876083893 
49.617590000000014 	 49.618768181186816 	 0.0011781811868019076 	 sensor_gnb_sensor 	 0.06303419876083893 
49.61784000000003 	 49.618811535451854 	 0.0009715354518249342 	 sensor_rsu_sensor 	 0.06303419876083893 
49.61360000000001 	 49.61881431466634 	 0.0052143146663254925 	 sensor_rsu_sensor 	 0.06303419876083893 
49.62546 	 49.62607056417134 	 0.0006105641713460841 	 sensor_gnb_sensor 	 0.06303419876083893 
49.62781000000004 	 49.631237169345184 	 0.0034271693451444207 	 sensor_gnb_sensor 	 0.06303419876083893 
49.62875000000003 	 49.63244136469906 	 0.0036913646990299753 	 sensor_gnb_sensor 	 0.06303419876083893 
49.63273000000001 	 49.63611263295503 	 0.0033826329550237233 	 sensor_gnb_sensor 	 0.06303419876083893 
49.63385000000004 	 49.63467259716251 	 0.000822597162475347 	 sensor_gnb_sensor 	 0.06303419876083893 
49.63637000000002 	 49.637679290704725 	 0.0013092907047038693 	 sensor_gnb_sensor 	 0.06303419876083893 
49.63839000000002 	 49.641574066410186 	 0.003184066410163666 	 sensor_sensor_gnb_sensor 	 0.06303419876083893 
49.64046000000001 	 49.647894478341286 	 0.007434478341274087 	 sensor 	 0.06303419876083893 
49.64505000000001 	 49.649749621676946 	 0.004699621676934385 	 sensor_rsu_sensor 	 0.06303419876083893 
49.650270000000035 	 49.65879269728905 	 0.00852269728901689 	 sensor_rsu_gnb_sensor 	 0.06303419876083893 
49.65649 	 49.65938068433878 	 0.0028906843387801473 	 sensor_gnb_sensor 	 0.06303419876083893 
49.65584000000003 	 49.659156206359185 	 0.003316206359151863 	 sensor_rsu_gnb_sensor 	 0.06303419876083893 
49.65928000000004 	 49.660220589167785 	 0.0009405891677474187 	 sensor_rsu_gnb_sensor 	 0.06303419876083893 
49.6605 	 49.662156602513036 	 0.0016566025130373419 	 sensor_rsu_gnb_sensor 	 0.06303419876083893 
49.66562000000003 	 49.66865283587355 	 0.003032835873518991 	 sensor_gnb_sensor 	 0.06303419876083893 
49.66454000000003 	 49.66843108815347 	 0.0038910881534377495 	 sensor_rsu_sensor 	 0.06303419876083893 
49.667800000000035 	 49.66976828675407 	 0.0019682867540353755 	 sensor_rsu_gnb_sensor 	 0.06303419876083893 
49.67574000000003 	 49.677291697283835 	 0.0015516972838014453 	 sensor_rsu_gnb_sensor 	 0.06303419876083893 
49.678800000000024 	 49.68075289854639 	 0.0019528985463637127 	 sensor_rsu_gnb_sensor 	 0.06303419876083893 
49.67991 	 49.68240194660215 	 0.002491946602148687 	 sensor_gnb_sensor 	 0.06303419876083893 
49.670580000000015 	 49.68072376929072 	 0.010143769290706928 	 sensor_rsu_sensor 	 0.06303419876083893 
49.67661000000002 	 49.68102506836331 	 0.004415068363293528 	 sensor_rsu_sensor 	 0.06303419876083893 
49.67942 	 49.68178319535094 	 0.0023631953509379855 	 sensor_rsu_sensor 	 0.06303419876083893 
49.68004 	 49.68259590857652 	 0.002555908576525212 	 sensor_rsu_sensor 	 0.06303419876083893 
49.67675000000003 	 49.68340344754658 	 0.006653447546554503 	 sensor 	 0.06303419876083893 
49.68626999999999 	 49.689838528695645 	 0.0035685286956521622 	 sensor_gnb_sensor 	 0.06303419876083893 
49.68076000000001 	 49.68759560816311 	 0.006835608163100915 	 sensor_rsu_sensor 	 0.06303419876083893 
49.69043000000002 	 49.69353405072999 	 0.0031040507299664455 	 sensor_gnb_sensor 	 0.06303419876083893 
49.68869000000004 	 49.698234179355005 	 0.009544179354968207 	 sensor_rsu_gnb_sensor 	 0.06303419876083893 
49.68925000000004 	 49.69259267957053 	 0.003342679570494056 	 sensor_rsu_sensor 	 0.06303419876083893 
49.69286000000001 	 49.69480157763036 	 0.001941577630347524 	 sensor_gnb_sensor 	 0.06303419876083893 
49.68521000000001 	 49.69344903766819 	 0.008239037668175797 	 sensor_rsu_sensor 	 0.06303419876083893 
49.68232 	 49.69719463101813 	 0.014874631018130913 	 sensor 	 0.06303419876083893 
49.69454000000003 	 49.70094782768292 	 0.00640782768288517 	 sensor_sensor_rsu_gnb_sensor 	 0.06303419876083893 
49.698409999999996 	 49.70250156407724 	 0.004091564077242538 	 sensor_rsu_gnb_sensor 	 0.06303419876083893 
49.702970000000036 	 49.704383016169956 	 0.0014130161699199562 	 sensor_rsu_gnb_sensor 	 0.06303419876083893 
49.70325000000004 	 49.705835229248265 	 0.0025852292482255734 	 sensor_gnb_sensor 	 0.06303419876083893 
49.70518000000004 	 49.707055464313626 	 0.0018754643135849847 	 sensor_rsu_sensor 	 0.06303419876083893 
49.70613000000002 	 49.70853429496473 	 0.0024042949647054 	 sensor_rsu_gnb_sensor 	 0.06303419876083893 
49.70749 	 49.70896170462405 	 0.0014717046240519949 	 sensor_gnb_sensor 	 0.06303419876083893 
49.70977000000001 	 49.71258485858944 	 0.0028148585894243183 	 sensor_rsu_gnb_sensor 	 0.06303419876083893 
49.71157000000002 	 49.71450753869699 	 0.002937538696969 	 sensor_sensor_rsu_gnb_sensor 	 0.06303419876083893 
49.71181000000003 	 49.71437741721655 	 0.0025674172165182085 	 sensor_gnb_sensor 	 0.06303419876083893 
49.715160000000026 	 49.7167726001955 	 0.001612600195471714 	 sensor_rsu_gnb_sensor 	 0.06303419876083893 
49.715500000000034 	 49.716782451383736 	 0.0012824513837017548 	 sensor_gnb_sensor 	 0.06303419876083893 
49.70501000000004 	 49.71612952322054 	 0.011119523220500582 	 sensor 	 0.06303419876083893 
49.71724 	 49.71845514047138 	 0.0012151404713804936 	 sensor_gnb_sensor 	 0.06303419876083893 
49.720499999999994 	 49.724860313913304 	 0.00436031391330971 	 sensor_rsu_sensor 	 0.06303419876083893 
49.72820000000001 	 49.73337430294458 	 0.005174302944574549 	 sensor_rsu_gnb_sensor 	 0.06303419876083893 
49.72875000000001 	 49.73519593430203 	 0.0064459343020146775 	 sensor_rsu_gnb_sensor 	 0.06303419876083893 
49.73169000000004 	 49.73459547882615 	 0.00290547882610781 	 sensor_gnb_sensor 	 0.06303419876083893 
49.73244000000004 	 49.73803390569561 	 0.00559390569556939 	 sensor_gnb_sensor 	 0.06303419876083893 
49.72151000000004 	 49.73312024254297 	 0.011610242542928972 	 sensor_rsu_sensor 	 0.06303419876083893 
49.735780000000034 	 49.73796200774879 	 0.0021820077487575418 	 sensor_rsu_gnb_sensor 	 0.06303419876083893 
49.73191000000003 	 49.73897707344405 	 0.007067073444019911 	 sensor 	 0.06303419876083893 
49.73801000000001 	 49.74008965465944 	 0.002079654659432606 	 sensor_rsu_sensor 	 0.06303419876083893 
49.73931 	 49.742115109821476 	 0.002805109821473195 	 sensor_gnb_sensor 	 0.06303419876083893 
49.73973000000002 	 49.74325932054619 	 0.003529320546164172 	 sensor_gnb_sensor 	 0.06303419876083893 
49.739750000000015 	 49.744347331562714 	 0.00459733156269948 	 sensor_gnb_sensor 	 0.06303419876083893 
49.740180000000024 	 49.74441320326546 	 0.004233203265435748 	 sensor_gnb_sensor 	 0.06303419876083893 
49.72357000000004 	 49.74394482193069 	 0.020374821930651876 	 sensor_rsu_sensor 	 0.06303419876083893 
49.724640000000036 	 49.74556269320435 	 0.02092269320431228 	 sensor_rsu_sensor 	 0.06303419876083893 
49.74614999999999 	 49.74783133517121 	 0.0016813351712201552 	 sensor_gnb_sensor 	 0.06303419876083893 
49.74466000000004 	 49.74811345439306 	 0.0034534543930178074 	 sensor_rsu_gnb_sensor 	 0.06303419876083893 
49.734250000000024 	 49.752408610882156 	 0.01815861088213211 	 sensor_rsu_sensor 	 0.06303419876083893 
49.751560000000026 	 49.75571775904212 	 0.004157759042094256 	 sensor_sensor_rsu_gnb_sensor 	 0.06303419876083893 
49.75386000000003 	 49.75552894080075 	 0.0016689408007195539 	 sensor_gnb_sensor 	 0.06303419876083893 
49.75708000000002 	 49.75828994105359 	 0.0012099410535668653 	 sensor_gnb_sensor 	 0.06303419876083893 
49.75813000000004 	 49.76008731251791 	 0.0019573125178737882 	 sensor_rsu_sensor 	 0.06303419876083893 
49.758950000000034 	 49.760706002923136 	 0.0017560029231020735 	 sensor_rsu_sensor 	 0.06303419876083893 
49.761290000000024 	 49.76394536412199 	 0.0026553641219635438 	 sensor_rsu_gnb_sensor 	 0.06303419876083893 
49.76198000000004 	 49.763588100154074 	 0.0016081001540371176 	 sensor_rsu_sensor 	 0.06303419876083893 
49.76495000000004 	 49.76713729488367 	 0.002187294883626123 	 sensor_gnb_sensor 	 0.06303419876083893 
49.75937999999999 	 49.76556929189744 	 0.006189291897449323 	 sensor_rsu_sensor 	 0.06303419876083893 
49.762560000000036 	 49.76580642933531 	 0.003246429335277412 	 sensor_rsu_sensor 	 0.06303419876083893 
49.76022999999999 	 49.76596023940225 	 0.005730239402254256 	 sensor_rsu_sensor 	 0.06303419876083893 
49.745400000000004 	 49.77024220921225 	 0.024842209212245336 	 sensor 	 0.06303419876083893 
49.76928000000001 	 49.77066034761402 	 0.001380347614009736 	 sensor_rsu_sensor 	 0.06303419876083893 
49.77185000000004 	 49.77469621814713 	 0.0028462181470843007 	 sensor_gnb_sensor 	 0.06303419876083893 
49.773590000000006 	 49.77585389838715 	 0.002263898387141694 	 sensor_gnb_sensor 	 0.06303419876083893 
49.77489 	 49.77769945218456 	 0.002809452184557415 	 sensor_gnb_sensor 	 0.06303419876083893 
49.77335000000001 	 49.77678793153579 	 0.00343793153578531 	 sensor_rsu_sensor 	 0.06303419876083893 
49.77531000000004 	 49.778690492468606 	 0.0033804924685654214 	 sensor_rsu_gnb_sensor 	 0.06303419876083893 
49.77768000000003 	 49.77943668941753 	 0.0017566894174976255 	 sensor_gnb_sensor 	 0.06303419876083893 
49.77832000000004 	 49.780055138071376 	 0.0017351380713321873 	 sensor_rsu_gnb_sensor 	 0.06303419876083893 
49.77815999999999 	 49.78002366373205 	 0.001863663732059706 	 sensor_rsu_sensor 	 0.06303419876083893 
49.78142 	 49.7855956756128 	 0.004175675612799523 	 sensor_rsu_gnb_sensor 	 0.06303419876083893 
49.78446000000001 	 49.78615809700216 	 0.001698097002147847 	 sensor_rsu_gnb_sensor 	 0.06303419876083893 
49.78319000000005 	 49.78794156653896 	 0.004751566538914176 	 sensor_gnb_sensor 	 0.06303419876083893 
49.78874000000001 	 49.78968248803279 	 0.0009424880327770779 	 sensor_gnb_sensor 	 0.06303419876083893 
49.792560000000044 	 49.79394942073409 	 0.001389420734042801 	 sensor_rsu_gnb_sensor 	 0.06303419876083893 
49.79453000000002 	 49.79806727911149 	 0.0035372791114696156 	 sensor_gnb_sensor 	 0.06303419876083893 
49.79348000000001 	 49.79540817242075 	 0.0019281724207402817 	 sensor_rsu_gnb_sensor 	 0.06303419876083893 
49.795359999999995 	 49.79656537171016 	 0.0012053717101636607 	 sensor_gnb_sensor 	 0.06303419876083893 
49.79407000000003 	 49.79718327313968 	 0.0031132731396468216 	 sensor_rsu_sensor 	 0.06303419876083893 
49.79614000000002 	 49.798475741500546 	 0.002335741500523625 	 sensor_rsu_gnb_sensor 	 0.06303419876083893 
49.799810000000036 	 49.804190439728295 	 0.004380439728258523 	 sensor_gnb_sensor 	 0.06303419876083893 
49.794730000000044 	 49.80073253194818 	 0.006002531948134049 	 sensor_rsu_sensor 	 0.06303419876083893 
49.80078 	 49.80458131334575 	 0.0038013133457468484 	 sensor_gnb_sensor 	 0.06303419876083893 
49.800079999999994 	 49.805653844733314 	 0.005573844733319788 	 sensor_rsu_gnb_sensor 	 0.06303419876083893 
49.791669999999996 	 49.80371944115562 	 0.012049441155625118 	 sensor_rsu_sensor 	 0.06303419876083893 
49.799610000000044 	 49.805374230029685 	 0.005764230029640771 	 sensor_rsu_sensor 	 0.06303419876083893 
49.800170000000044 	 49.8063600791798 	 0.006190079179752672 	 sensor_rsu_sensor 	 0.06303419876083893 
49.80462000000002 	 49.811185931673386 	 0.006565931673364389 	 sensor_rsu_gnb_sensor 	 0.06303419876083893 
49.80167 	 49.808919409947144 	 0.0072494099471427376 	 sensor_rsu_sensor 	 0.06303419876083893 
49.80839 	 49.812707173400966 	 0.00431717340096327 	 sensor_rsu_gnb_sensor 	 0.06303419876083893 
49.79903000000003 	 49.810295109759416 	 0.011265109759385439 	 sensor_rsu_sensor 	 0.06303419876083893 
49.814980000000006 	 49.81719102165088 	 0.002211021650872169 	 sensor_gnb_sensor 	 0.06303419876083893 
49.811670000000035 	 49.81554024555991 	 0.0038702455598738084 	 sensor_rsu_sensor 	 0.06303419876083893 
49.816460000000035 	 49.81765220078865 	 0.0011922007886155939 	 sensor_rsu_gnb_sensor 	 0.06303419876083893 
49.81753 	 49.81846065617644 	 0.0009306561764432786 	 sensor_rsu_gnb_sensor 	 0.06303419876083893 
49.818800000000024 	 49.822595718196794 	 0.003795718196769826 	 sensor_gnb_sensor 	 0.06303419876083893 
49.82427000000002 	 49.82516358298052 	 0.0008935829805025719 	 sensor_sensor_gnb_sensor 	 0.06303419876083893 
49.8255 	 49.82837991865009 	 0.002879918650094737 	 sensor_rsu_gnb_sensor 	 0.06303419876083893 
49.82666000000001 	 49.829393945429956 	 0.002733945429945095 	 sensor_rsu_gnb_sensor 	 0.06303419876083893 
49.82380000000003 	 49.828536812385764 	 0.004736812385736755 	 sensor_rsu_sensor 	 0.06303419876083893 
49.82227000000003 	 49.82992751844575 	 0.007657518445718381 	 sensor_rsu_sensor 	 0.06303419876083893 
49.82736 	 49.83112978002296 	 0.003769780022963687 	 sensor_rsu_sensor 	 0.06303419876083893 
49.82901 	 49.832915737011135 	 0.003905737011137944 	 sensor_rsu_sensor 	 0.06303419876083893 
49.83458000000003 	 49.837520056076855 	 0.0029400560768237938 	 sensor_gnb_sensor 	 0.06303419876083893 
49.83353000000002 	 49.83588361598583 	 0.002353615985811075 	 sensor_rsu_gnb_sensor 	 0.06303419876083893 
49.83240000000003 	 49.83697138109165 	 0.004571381091622584 	 sensor_rsu_sensor 	 0.06303419876083893 
49.83948000000001 	 49.84303401728865 	 0.0035540172886427968 	 sensor_rsu_gnb_sensor 	 0.06303419876083893 
49.83939000000004 	 49.841003014228846 	 0.0016130142288091065 	 sensor_gnb_sensor 	 0.06303419876083893 
49.84018999999999 	 49.84296114616577 	 0.0027711461657773384 	 sensor_rsu_gnb_sensor 	 0.06303419876083893 
49.84061 	 49.84515813121146 	 0.004548131211464579 	 sensor_sensor_gnb_sensor 	 0.06303419876083893 
49.84512000000002 	 49.84790509461058 	 0.002785094610558758 	 sensor_rsu_gnb_sensor 	 0.06303419876083893 
49.845260000000025 	 49.8487537865012 	 0.0034937865011741565 	 sensor_rsu_gnb_sensor 	 0.06303419876083893 
49.84925000000002 	 49.852709490170035 	 0.0034594901700160108 	 sensor_gnb_sensor 	 0.06303419876083893 
49.84936 	 49.85428886522155 	 0.004928865221550893 	 sensor_rsu_gnb_sensor 	 0.06303419876083893 
49.84456000000004 	 49.85038702332446 	 0.005827023324421532 	 sensor 	 0.06303419876083893 
49.85056000000001 	 49.85451534454565 	 0.003955344545644834 	 sensor_sensor_gnb_sensor 	 0.06303419876083893 
49.85032000000003 	 49.85558392581563 	 0.005263925815597759 	 sensor_rsu_gnb_sensor 	 0.06303419876083893 
49.85339 	 49.85485583849345 	 0.001465838493452054 	 sensor_gnb_sensor 	 0.06303419876083893 
49.853480000000026 	 49.8560579245561 	 0.0025779245560713093 	 sensor_gnb_sensor 	 0.06303419876083893 
49.846140000000034 	 49.85960615818666 	 0.013466158186624 	 sensor_rsu_sensor 	 0.06303419876083893 
49.859449999999995 	 49.86072880275637 	 0.0012788027563743753 	 sensor_rsu_gnb_sensor 	 0.06303419876083893 
49.859970000000025 	 49.862444796932735 	 0.0024747969327094665 	 sensor_gnb_sensor 	 0.06303419876083893 
49.85572000000005 	 49.86137418254605 	 0.005654182546003028 	 sensor_rsu_sensor 	 0.06303419876083893 
49.86013000000001 	 49.86234746493554 	 0.0022174649355264364 	 sensor_gnb_sensor 	 0.06303419876083893 
49.86138000000002 	 49.865414373492 	 0.00403437349198299 	 sensor_sensor_gnb_sensor 	 0.06303419876083893 
49.867690000000046 	 49.87025207691498 	 0.0025620769149341527 	 sensor_gnb_sensor 	 0.06303419876083893 
49.870870000000025 	 49.875170073618 	 0.004300073617976352 	 sensor_gnb_sensor 	 0.06303419876083893 
49.871309999999994 	 49.87590945809587 	 0.004599458095874809 	 sensor_gnb_sensor 	 0.06303419876083893 
49.873760000000026 	 49.87693861481708 	 0.0031786148170525053 	 sensor_gnb_sensor 	 0.06303419876083893 
49.874340000000046 	 49.87906500840761 	 0.004725008407561404 	 sensor_rsu_gnb_sensor 	 0.06303419876083893 
49.875040000000006 	 49.87722067095791 	 0.0021806709579053063 	 sensor_rsu_sensor 	 0.06303419876083893 
49.877200000000045 	 49.88483079146605 	 0.007630791466006315 	 sensor_rsu_gnb_sensor 	 0.06303419876083893 
49.87462000000002 	 49.88207270602398 	 0.007452706023961753 	 sensor_rsu_sensor 	 0.06303419876083893 
49.88415000000001 	 49.88761484407887 	 0.0034648440788558332 	 sensor_rsu_gnb_sensor 	 0.06303419876083893 
49.884670000000035 	 49.888534262309115 	 0.003864262309079436 	 sensor_gnb_sensor 	 0.06303419876083893 
49.88530000000003 	 49.88727987369791 	 0.0019798736978842157 	 sensor_rsu_gnb_sensor 	 0.06303419876083893 
49.88655000000003 	 49.88936197218178 	 0.0028119721817532195 	 sensor_gnb_sensor 	 0.06303419876083893 
49.89024000000001 	 49.89198405473422 	 0.001744054734210465 	 sensor_gnb_sensor 	 0.06303419876083893 
49.89076000000001 	 49.894881972991364 	 0.004121972991356415 	 sensor_gnb_sensor 	 0.06303419876083893 
49.89108000000003 	 49.89446712136825 	 0.0033871213682203916 	 sensor_gnb_sensor 	 0.06303419876083893 
49.89306000000002 	 49.898386303736324 	 0.005326303736303828 	 sensor_rsu_gnb_sensor 	 0.06303419876083893 
49.89498000000003 	 49.90028293598748 	 0.005302935987444357 	 sensor_rsu_gnb_sensor 	 0.06303419876083893 
49.89679999999999 	 49.904483995568235 	 0.007683995568243063 	 sensor_gnb_sensor 	 0.06303419876083893 
49.896950000000004 	 49.905204788163026 	 0.008254788163021942 	 sensor_gnb_sensor 	 0.06303419876083893 
49.897529999999996 	 49.90922176071236 	 0.011691760712366772 	 sensor_gnb_sensor 	 0.06303419876083893 
49.89767000000002 	 49.90750893610147 	 0.009838936101452589 	 sensor_rsu_gnb_sensor 	 0.06303419876083893 
49.89969000000001 	 49.90765273098778 	 0.007962730987770783 	 sensor_gnb_sensor 	 0.06303419876083893 
49.902739999999994 	 49.90809271610142 	 0.005352716101427291 	 sensor_gnb_sensor 	 0.06303419876083893 
49.903600000000026 	 49.908564455785225 	 0.004964455785199107 	 sensor_gnb_sensor 	 0.06303419876083893 
49.903639999999996 	 49.90812667656724 	 0.004486676567246661 	 sensor_rsu_gnb_sensor 	 0.06303419876083893 
49.906839999999995 	 49.90974453623785 	 0.002904536237856803 	 sensor_rsu_gnb_sensor 	 0.06303419876083893 
49.90886000000003 	 49.911775917531486 	 0.0029159175314532604 	 sensor_gnb_sensor 	 0.06303419876083893 
49.91788000000003 	 49.91973550326892 	 0.0018555032688851725 	 sensor_rsu_sensor 	 0.06303419876083893 
49.92421000000001 	 49.928652839734504 	 0.0044428397344944415 	 sensor_gnb_sensor 	 0.06303419876083893 
49.91964000000003 	 49.92594912922828 	 0.006309129228249333 	 sensor_rsu_sensor 	 0.06303419876083893 
49.926360000000045 	 49.93031903208798 	 0.003959032087934133 	 sensor_rsu_gnb_sensor 	 0.06303419876083893 
49.92814000000001 	 49.931754095129 	 0.0036140951289880263 	 sensor_gnb_sensor 	 0.06303419876083893 
49.930719999999994 	 49.93194302625273 	 0.0012230262527381797 	 sensor_gnb_sensor 	 0.06303419876083893 
49.930320000000044 	 49.932953225598204 	 0.0026332255981600383 	 sensor_rsu_gnb_sensor 	 0.06303419876083893 
49.93205999999999 	 49.93380255790679 	 0.0017425579067946728 	 sensor_rsu_gnb_sensor 	 0.06303419876083893 
49.92368000000005 	 49.93287271495174 	 0.009192714951694825 	 sensor 	 0.06303419876083893 
49.93249 	 49.9339954479292 	 0.0015054479291976008 	 sensor_sensor_rsu_gnb_sensor 	 0.06303419876083893 
49.93336000000003 	 49.93622609481153 	 0.002866094811501796 	 sensor_gnb_sensor 	 0.06303419876083893 
49.93341999999999 	 49.93510467439589 	 0.0016846743958964794 	 sensor_rsu_gnb_sensor 	 0.06303419876083893 
49.93428000000003 	 49.93972957519823 	 0.005449575198198886 	 sensor_gnb_sensor 	 0.06303419876083893 
49.93604000000003 	 49.93716504303987 	 0.0011250430398419553 	 sensor 	 0.06303419876083893 
49.93911000000004 	 49.9396438983923 	 0.000533898392255594 	 sensor_rsu_gnb_sensor 	 0.06303419876083893 
49.94009000000005 	 49.94204491170392 	 0.0019549117038693 	 sensor_rsu_gnb_sensor 	 0.06303419876083893 
49.939840000000046 	 49.942670219647255 	 0.0028302196472083097 	 sensor_rsu_sensor 	 0.06303419876083893 
49.94345000000002 	 49.94542063582303 	 0.0019706358230067167 	 sensor_gnb_sensor 	 0.06303419876083893 
49.94313999999999 	 49.94843102636497 	 0.0052910263649792455 	 sensor_rsu_sensor 	 0.06303419876083893 
49.938050000000004 	 49.9485710041023 	 0.010521004102294285 	 sensor_rsu_sensor 	 0.06303419876083893 
49.94927000000005 	 49.951413461305194 	 0.002143461305145422 	 sensor_rsu_gnb_sensor 	 0.06303419876083893 
49.95326000000005 	 49.9555594376268 	 0.002299437626753331 	 sensor_gnb_sensor 	 0.06303419876083893 
49.955670000000026 	 49.95809232021094 	 0.0024223202109112663 	 sensor_gnb_sensor 	 0.06303419876083893 
49.95623000000001 	 49.95865549340454 	 0.0024254934045302434 	 sensor_rsu_gnb_sensor 	 0.06303419876083893 
49.95570000000002 	 49.959003859512045 	 0.003303859512023166 	 sensor_rsu_sensor 	 0.06303419876083893 
49.95686000000003 	 49.95903664684093 	 0.002176646840901242 	 sensor 	 0.06303419876083893 
49.95808000000003 	 49.960605696787304 	 0.002525696787273546 	 sensor_gnb_sensor 	 0.06303419876083893 
49.960890000000006 	 49.96381540609331 	 0.0029254060933041615 	 sensor_sensor_sensor_gnb_sensor 	 0.06303419876083893 
49.954980000000035 	 49.96286330914319 	 0.007883309143153383 	 sensor 	 0.06303419876083893 
49.95771000000001 	 49.964136210824314 	 0.006426210824301393 	 sensor_rsu_sensor 	 0.06303419876083893 
49.96577000000005 	 49.96797642923406 	 0.002206429234007601 	 sensor_gnb_sensor 	 0.06303419876083893 
49.96742999999999 	 49.969342780582345 	 0.0019127805823515587 	 sensor_gnb_sensor 	 0.06303419876083893 
49.96827 	 49.97096989277412 	 0.002699892774124635 	 sensor_gnb_sensor 	 0.06303419876083893 
49.97011000000002 	 49.971846343901795 	 0.0017363439017756832 	 sensor_gnb_sensor 	 0.06303419876083893 
49.97366000000002 	 49.976225545083906 	 0.002565545083889731 	 sensor_gnb_sensor 	 0.06303419876083893 
49.97538000000003 	 49.97689777202383 	 0.001517772023802877 	 sensor_rsu_gnb_sensor 	 0.06303419876083893 
49.97806000000001 	 49.97948493093712 	 0.0014249309371052732 	 sensor_gnb_sensor 	 0.06303419876083893 
49.97940000000001 	 49.9830360367828 	 0.003636036782786789 	 sensor_gnb_sensor 	 0.06303419876083893 
49.97985000000003 	 49.98426322853597 	 0.004413228535945279 	 sensor_rsu_gnb_sensor 	 0.06303419876083893 
49.981840000000034 	 49.98379427214491 	 0.0019542721448786438 	 sensor_rsu_sensor 	 0.06303419876083893 
49.984010000000005 	 49.990196042945826 	 0.006186042945820702 	 sensor_gnb_sensor 	 0.06303419876083893 
49.98451000000003 	 49.98802744646963 	 0.003517446469601282 	 sensor_rsu_gnb_sensor 	 0.06303419876083893 
49.98578000000001 	 49.98924252752345 	 0.0034625275234390074 	 sensor_gnb_sensor 	 0.06303419876083893 
49.987710000000014 	 49.990922572219674 	 0.0032125722196596485 	 sensor_gnb_sensor 	 0.06303419876083893 
49.98841 	 49.990156259962696 	 0.0017462599626938413 	 sensor_rsu_sensor 	 0.06303419876083893 
49.99077000000001 	 49.994816274559646 	 0.004046274559634355 	 sensor_gnb_sensor 	 0.06303419876083893 
49.98415000000003 	 49.99199938812252 	 0.00784938812249436 	 sensor_rsu_sensor 	 0.06303419876083893 
49.99495000000002 	 49.99610438386244 	 0.001154383862420616 	 sensor_gnb_sensor 	 0.06303419876083893 
49.99743000000003 	 49.998940323052295 	 0.0015103230522655053 	 sensor_gnb_sensor 	 0.06303419876083893 
